12 0.562963 0.61256 0.0222222 0.0115942
12 0.562963 0.61256 0.0222222 0.0115942
12 0.562963 0.61256 0.0222222 0.0115942
12 0.562963 0.61256 0.0222222 0.0115942
8 0.481019 0.669565 0.0342593 0.0115942
8 0.481019 0.669565 0.0342593 0.0115942
8 0.481019 0.669565 0.0342593 0.0115942
8 0.481019 0.669565 0.0342593 0.0115942
12 0.515278 0.725121 0.0287037 0.0164251
12 0.515278 0.725121 0.0287037 0.0164251
12 0.515278 0.725121 0.0287037 0.0164251
12 0.515278 0.725121 0.0287037 0.0164251
12 0.552778 0.624638 0.037037 0.0144928
12 0.552778 0.624638 0.037037 0.0144928
12 0.552778 0.624638 0.037037 0.0144928
12 0.552778 0.624638 0.037037 0.0144928
12 0.549074 0.677295 0.037037 0.0154589
12 0.55 0.670531 0.037037 0.0154589
12 0.549074 0.689855 0.037037 0.0154589
12 0.549074 0.677295 0.037037 0.0154589
12 0.55 0.670531 0.037037 0.0154589
12 0.549074 0.689855 0.037037 0.0154589
12 0.549074 0.677295 0.037037 0.0154589
12 0.55 0.670531 0.037037 0.0154589
12 0.549074 0.689855 0.037037 0.0154589
12 0.55 0.670531 0.037037 0.0154589
12 0.548611 0.704348 0.037963 0.0154589
12 0.548611 0.704348 0.037963 0.0154589
12 0.548611 0.704348 0.037963 0.0154589
12 0.548611 0.704348 0.037963 0.0154589
12 0.550463 0.648792 0.0361111 0.0164251
12 0.550463 0.648792 0.0361111 0.0164251
12 0.550463 0.648792 0.0361111 0.0164251
12 0.550463 0.648792 0.0361111 0.0164251
12 0.55 0.661353 0.037037 0.0164251
12 0.551852 0.637198 0.037037 0.0164251
12 0.548148 0.717391 0.037037 0.0164251
12 0.55 0.661353 0.037037 0.0164251
12 0.551852 0.637198 0.037037 0.0164251
12 0.548148 0.717391 0.037037 0.0164251
12 0.551852 0.637198 0.037037 0.0164251
12 0.548148 0.717391 0.037037 0.0164251
12 0.551852 0.637198 0.037037 0.0164251
12 0.548148 0.717391 0.037037 0.0164251
8 0.481481 0.662319 0.0333333 0.0183575
8 0.482407 0.64686 0.0333333 0.0183575
8 0.481481 0.662319 0.0333333 0.0183575
8 0.482407 0.64686 0.0333333 0.0183575
8 0.481481 0.662319 0.0333333 0.0183575
8 0.482407 0.64686 0.0333333 0.0183575
8 0.481481 0.662319 0.0333333 0.0183575
8 0.482407 0.64686 0.0333333 0.0183575
12 0.548611 0.73285 0.0361111 0.0183575
12 0.548611 0.73285 0.0361111 0.0183575
12 0.548611 0.73285 0.0361111 0.0183575
12 0.548611 0.73285 0.0361111 0.0183575
12 0.743056 0.569565 0.0657407 0.0183575
12 0.743056 0.569565 0.0657407 0.0183575
12 0.743056 0.569565 0.0657407 0.0183575
12 0.743056 0.569565 0.0657407 0.0183575
12 0.742593 0.586957 0.0666667 0.0183575
12 0.742593 0.586957 0.0666667 0.0183575
12 0.742593 0.586957 0.0666667 0.0183575
12 0.742593 0.586957 0.0666667 0.0183575
12 0.740278 0.635266 0.0675926 0.0183575
12 0.740278 0.635266 0.0675926 0.0183575
12 0.740278 0.635266 0.0675926 0.0183575
12 0.740278 0.635266 0.0675926 0.0183575
12 0.743519 0.552657 0.0648148 0.0193237
12 0.743519 0.552657 0.0648148 0.0193237
12 0.743519 0.552657 0.0648148 0.0193237
12 0.743519 0.552657 0.0648148 0.0193237
12 0.740741 0.62029 0.0666667 0.0193237
12 0.741667 0.602899 0.0666667 0.0193237
12 0.740741 0.62029 0.0666667 0.0193237
12 0.741667 0.602899 0.0666667 0.0193237
12 0.740741 0.62029 0.0666667 0.0193237
12 0.741667 0.602899 0.0666667 0.0193237
12 0.740741 0.62029 0.0666667 0.0193237
12 0.741667 0.602899 0.0666667 0.0193237
12 0.743519 0.535266 0.062963 0.021256
12 0.743519 0.535266 0.062963 0.021256
12 0.743519 0.535266 0.062963 0.021256
12 0.743519 0.535266 0.062963 0.021256
12 0.737037 0.670048 0.0666667 0.0202899
12 0.738889 0.653623 0.0666667 0.0202899
12 0.737037 0.670048 0.0666667 0.0202899
12 0.738889 0.653623 0.0666667 0.0202899
12 0.737037 0.670048 0.0666667 0.0202899
12 0.738889 0.653623 0.0666667 0.0202899
12 0.737037 0.670048 0.0666667 0.0202899
12 0.738889 0.653623 0.0666667 0.0202899
12 0.735648 0.68744 0.0675926 0.0222222
12 0.735648 0.68744 0.0675926 0.0222222
12 0.735648 0.68744 0.0675926 0.0222222
12 0.735648 0.68744 0.0675926 0.0222222
61 0.403241 0.583575 0.136111 0.270531
61 0.403241 0.583575 0.136111 0.270531
61 0.403241 0.583575 0.136111 0.270531
61 0.403241 0.583575 0.136111 0.270531
5 0.175463 0.248309 0.273148 0.193237
5 0.175463 0.248309 0.273148 0.193237
5 0.175463 0.248309 0.273148 0.193237
5 0.175463 0.248309 0.273148 0.193237
5 0.440278 0.18599 0.273148 0.223188
5 0.440278 0.18599 0.273148 0.223188
5 0.440278 0.18599 0.273148 0.223188
5 0.440278 0.18599 0.273148 0.223188
