7 0.988932 0.469727 0.0208333 0.0449219
7 0.988932 0.469727 0.0208333 0.0449219
7 0.988932 0.469727 0.0208333 0.0449219
7 0.988932 0.469727 0.0208333 0.0449219
71 0.207682 0.52832 0.0325521 0.0556641
71 0.207682 0.52832 0.0325521 0.0556641
71 0.207682 0.52832 0.0325521 0.0556641
71 0.207682 0.52832 0.0325521 0.0556641
7 0.960286 0.293213 0.0442708 0.0483398
7 0.960286 0.293213 0.0442708 0.0483398
7 0.960286 0.293213 0.0442708 0.0483398
7 0.960286 0.293213 0.0442708 0.0483398
8 0.609375 0.144775 0.046875 0.0473633
8 0.609375 0.144775 0.046875 0.0473633
8 0.609375 0.144775 0.046875 0.0473633
8 0.609375 0.144775 0.046875 0.0473633
11 0.776367 0.630615 0.0332031 0.0698242
11 0.776367 0.630615 0.0332031 0.0698242
11 0.776367 0.630615 0.0332031 0.0698242
11 0.776367 0.630615 0.0332031 0.0698242
11 0.732422 0.0200195 0.0807292 0.0400391
11 0.732422 0.0200195 0.0807292 0.0400391
11 0.732422 0.0200195 0.0807292 0.0400391
11 0.732422 0.0200195 0.0807292 0.0400391
11 0.72819 0.0976562 0.0735677 0.0439453
11 0.72819 0.0976562 0.0735677 0.0439453
11 0.72819 0.0976562 0.0735677 0.0439453
11 0.72819 0.0976562 0.0735677 0.0439453
11 0.72819 0.124512 0.0735677 0.0458984
11 0.72819 0.124512 0.0735677 0.0458984
11 0.72819 0.124512 0.0735677 0.0458984
11 0.72819 0.124512 0.0735677 0.0458984
11 0.414388 0.505859 0.0579427 0.0595703
11 0.414388 0.505859 0.0579427 0.0595703
11 0.414388 0.505859 0.0579427 0.0595703
11 0.414388 0.505859 0.0579427 0.0595703
21 0.938802 0.255371 0.0807292 0.0439453
21 0.938802 0.255371 0.0807292 0.0439453
21 0.938802 0.255371 0.0807292 0.0439453
21 0.938802 0.255371 0.0807292 0.0439453
11 0.637695 0.015625 0.113932 0.03125
11 0.637695 0.015625 0.113932 0.03125
11 0.637695 0.015625 0.113932 0.03125
11 0.637695 0.015625 0.113932 0.03125
7 0.958984 0.378906 0.0755208 0.0488281
7 0.958984 0.378906 0.0755208 0.0488281
7 0.958984 0.378906 0.0755208 0.0488281
7 0.958984 0.378906 0.0755208 0.0488281
11 0.792969 0.256592 0.0846354 0.0444336
11 0.792969 0.256592 0.0846354 0.0444336
11 0.792969 0.256592 0.0846354 0.0444336
11 0.792969 0.256592 0.0846354 0.0444336
11 0.794596 0.2229 0.0839844 0.0473633
11 0.794596 0.2229 0.0839844 0.0473633
11 0.794596 0.2229 0.0839844 0.0473633
11 0.794596 0.2229 0.0839844 0.0473633
11 0.871419 0.375977 0.0696615 0.0576172
11 0.871419 0.375977 0.0696615 0.0576172
11 0.871419 0.375977 0.0696615 0.0576172
11 0.871419 0.375977 0.0696615 0.0576172
7 0.941406 0.473633 0.0859375 0.0488281
7 0.941406 0.473633 0.0859375 0.0488281
7 0.941406 0.473633 0.0859375 0.0488281
7 0.941406 0.473633 0.0859375 0.0488281
7 0.950521 0.427002 0.0924479 0.0473633
7 0.950521 0.427002 0.0924479 0.0473633
7 0.950521 0.427002 0.0924479 0.0473633
7 0.950521 0.427002 0.0924479 0.0473633
11 0.794596 0.437744 0.0839844 0.0649414
11 0.794596 0.437744 0.0839844 0.0649414
11 0.794596 0.437744 0.0839844 0.0649414
11 0.794596 0.437744 0.0839844 0.0649414
11 0.794922 0.372314 0.0846354 0.0649414
11 0.794922 0.372314 0.0846354 0.0649414
11 0.794922 0.372314 0.0846354 0.0649414
11 0.794922 0.372314 0.0846354 0.0649414
11 0.79362 0.502197 0.0833333 0.0698242
11 0.79362 0.502197 0.0833333 0.0698242
11 0.79362 0.502197 0.0833333 0.0698242
11 0.79362 0.502197 0.0833333 0.0698242
11 0.730469 0.0549316 0.0768229 0.0766602
11 0.730469 0.0549316 0.0768229 0.0766602
11 0.730469 0.0549316 0.0768229 0.0766602
11 0.730469 0.0549316 0.0768229 0.0766602
11 0.388346 0.445557 0.107422 0.0600586
11 0.388346 0.445557 0.107422 0.0600586
11 0.388346 0.445557 0.107422 0.0600586
11 0.388346 0.445557 0.107422 0.0600586
11 0.794271 0.30542 0.0872396 0.074707
11 0.794271 0.30542 0.0872396 0.074707
11 0.794271 0.30542 0.0872396 0.074707
11 0.794271 0.30542 0.0872396 0.074707
11 0.380534 0.384277 0.102214 0.0654297
11 0.380534 0.384277 0.102214 0.0654297
11 0.380534 0.384277 0.102214 0.0654297
11 0.380534 0.384277 0.102214 0.0654297
11 0.637695 0.117676 0.103516 0.0673828
11 0.637695 0.117676 0.103516 0.0673828
11 0.637695 0.117676 0.103516 0.0673828
11 0.637695 0.117676 0.103516 0.0673828
7 0.94694 0.609619 0.0983073 0.0727539
7 0.94694 0.609619 0.0983073 0.0727539
7 0.94694 0.609619 0.0983073 0.0727539
7 0.94694 0.609619 0.0983073 0.0727539
11 0.377604 0.320557 0.102865 0.0717773
11 0.377604 0.320557 0.102865 0.0717773
11 0.377604 0.320557 0.102865 0.0717773
11 0.377604 0.320557 0.102865 0.0717773
7 0.946289 0.560547 0.0996094 0.0742188
7 0.946289 0.560547 0.0996094 0.0742188
7 0.946289 0.560547 0.0996094 0.0742188
7 0.946289 0.560547 0.0996094 0.0742188
11 0.374674 0.256104 0.103516 0.0844727
11 0.374674 0.256104 0.103516 0.0844727
11 0.374674 0.256104 0.103516 0.0844727
11 0.374674 0.256104 0.103516 0.0844727
11 0.844727 0.610596 0.104818 0.0854492
11 0.844727 0.610596 0.104818 0.0854492
11 0.844727 0.610596 0.104818 0.0854492
11 0.844727 0.610596 0.104818 0.0854492
11 0.514323 0.511963 0.145833 0.0629883
11 0.514323 0.511963 0.145833 0.0629883
11 0.514323 0.511963 0.145833 0.0629883
11 0.514323 0.511963 0.145833 0.0629883
11 0.513997 0.443848 0.147786 0.0693359
11 0.513997 0.443848 0.147786 0.0693359
11 0.513997 0.443848 0.147786 0.0693359
11 0.513997 0.443848 0.147786 0.0693359
11 0.826172 0.558105 0.138021 0.0839844
11 0.826172 0.558105 0.138021 0.0839844
11 0.826172 0.558105 0.138021 0.0839844
11 0.826172 0.558105 0.138021 0.0839844
11 0.508789 0.373779 0.158203 0.0737305
11 0.508789 0.373779 0.158203 0.0737305
11 0.508789 0.373779 0.158203 0.0737305
11 0.508789 0.373779 0.158203 0.0737305
11 0.637695 0.0568848 0.116536 0.101074
11 0.637695 0.0568848 0.116536 0.101074
11 0.637695 0.0568848 0.116536 0.101074
11 0.637695 0.0568848 0.116536 0.101074
11 0.66862 0.44165 0.169271 0.074707
11 0.66862 0.44165 0.169271 0.074707
11 0.66862 0.44165 0.169271 0.074707
11 0.66862 0.44165 0.169271 0.074707
11 0.506185 0.302246 0.159505 0.0810547
11 0.506185 0.302246 0.159505 0.0810547
11 0.506185 0.302246 0.159505 0.0810547
11 0.506185 0.302246 0.159505 0.0810547
11 0.667318 0.366943 0.167969 0.0776367
11 0.667318 0.366943 0.167969 0.0776367
11 0.667318 0.366943 0.167969 0.0776367
11 0.667318 0.366943 0.167969 0.0776367
11 0.669596 0.513428 0.167318 0.0786133
11 0.669596 0.513428 0.167318 0.0786133
11 0.669596 0.513428 0.167318 0.0786133
11 0.669596 0.513428 0.167318 0.0786133
11 0.710612 0.649658 0.13737 0.0981445
11 0.710612 0.649658 0.13737 0.0981445
11 0.710612 0.649658 0.13737 0.0981445
11 0.710612 0.649658 0.13737 0.0981445
11 0.668945 0.289795 0.158203 0.0893555
11 0.668945 0.289795 0.158203 0.0893555
11 0.668945 0.289795 0.158203 0.0893555
11 0.668945 0.289795 0.158203 0.0893555
11 0.498698 0.229004 0.148438 0.0986328
11 0.498698 0.229004 0.148438 0.0986328
11 0.498698 0.229004 0.148438 0.0986328
11 0.498698 0.229004 0.148438 0.0986328
11 0.674154 0.584717 0.172526 0.0864258
11 0.674154 0.584717 0.172526 0.0864258
11 0.674154 0.584717 0.172526 0.0864258
11 0.674154 0.584717 0.172526 0.0864258
11 0.720052 0.713623 0.151042 0.120605
11 0.720052 0.713623 0.151042 0.120605
11 0.720052 0.713623 0.151042 0.120605
11 0.720052 0.713623 0.151042 0.120605
11 0.719727 0.78125 0.146484 0.12793
11 0.719727 0.78125 0.146484 0.12793
11 0.719727 0.78125 0.146484 0.12793
11 0.719727 0.78125 0.146484 0.12793
8 0.271159 0.519531 0.23763 0.0791016
8 0.271159 0.519531 0.23763 0.0791016
8 0.271159 0.519531 0.23763 0.0791016
8 0.271159 0.519531 0.23763 0.0791016
11 0.658529 0.210938 0.185547 0.102539
11 0.658529 0.210938 0.185547 0.102539
11 0.658529 0.210938 0.185547 0.102539
11 0.658529 0.210938 0.185547 0.102539
8 0.0768229 0.730957 0.152344 0.131836
8 0.0768229 0.730957 0.152344 0.131836
8 0.0768229 0.730957 0.152344 0.131836
8 0.0768229 0.730957 0.152344 0.131836
8 0.72168 0.845215 0.147786 0.139648
8 0.72168 0.845215 0.147786 0.139648
8 0.72168 0.845215 0.147786 0.139648
8 0.72168 0.845215 0.147786 0.139648
8 0.180339 0.697998 0.201823 0.112793
8 0.180339 0.697998 0.201823 0.112793
8 0.180339 0.697998 0.201823 0.112793
8 0.180339 0.697998 0.201823 0.112793
8 0.160807 0.606201 0.223958 0.106934
8 0.160807 0.606201 0.223958 0.106934
8 0.160807 0.606201 0.223958 0.106934
8 0.160807 0.606201 0.223958 0.106934
11 0.465495 0.0585938 0.230469 0.116211
11 0.465495 0.0585938 0.230469 0.116211
11 0.465495 0.0585938 0.230469 0.116211
11 0.465495 0.0585938 0.230469 0.116211
11 0.586914 0.293213 0.320964 0.0991211
11 0.586914 0.293213 0.320964 0.0991211
11 0.586914 0.293213 0.320964 0.0991211
11 0.586914 0.293213 0.320964 0.0991211
8 0.531576 0.924316 0.229818 0.150391
8 0.531576 0.924316 0.229818 0.150391
8 0.531576 0.924316 0.229818 0.150391
8 0.531576 0.924316 0.229818 0.150391
11 0.435872 0.158936 0.291016 0.156738
11 0.435872 0.158936 0.291016 0.156738
11 0.435872 0.158936 0.291016 0.156738
11 0.435872 0.158936 0.291016 0.156738
8 0.415365 0.61084 0.346354 0.136719
8 0.415365 0.61084 0.346354 0.136719
8 0.415365 0.61084 0.346354 0.136719
8 0.415365 0.61084 0.346354 0.136719
8 0.457031 0.699707 0.367188 0.15625
8 0.457031 0.699707 0.367188 0.15625
8 0.457031 0.699707 0.367188 0.15625
8 0.457031 0.699707 0.367188 0.15625
8 0.466471 0.78833 0.357422 0.160645
8 0.466471 0.78833 0.357422 0.160645
8 0.466471 0.78833 0.357422 0.160645
8 0.466471 0.78833 0.357422 0.160645
8 0.46582 0.869629 0.35612 0.180664
8 0.46582 0.869629 0.35612 0.180664
8 0.46582 0.869629 0.35612 0.180664
8 0.46582 0.869629 0.35612 0.180664
