7 0.301562 0.61875 0.0375 0.0291667
7 0.301562 0.61875 0.0375 0.0291667
7 0.301562 0.61875 0.0375 0.0291667
7 0.301562 0.61875 0.0375 0.0291667
7 0.302734 0.528646 0.0367187 0.0302083
7 0.302734 0.528646 0.0367187 0.0302083
7 0.302734 0.528646 0.0367187 0.0302083
7 0.302734 0.528646 0.0367187 0.0302083
7 0.303125 0.497917 0.0359375 0.03125
7 0.303125 0.497917 0.0359375 0.03125
7 0.303125 0.497917 0.0359375 0.03125
7 0.303125 0.497917 0.0359375 0.03125
7 0.301562 0.589063 0.0375 0.0302083
7 0.302344 0.558854 0.0375 0.0302083
7 0.301562 0.589063 0.0375 0.0302083
7 0.302344 0.558854 0.0375 0.0302083
7 0.301562 0.589063 0.0375 0.0302083
7 0.302344 0.558854 0.0375 0.0302083
7 0.301562 0.589063 0.0375 0.0302083
7 0.302344 0.558854 0.0375 0.0302083
7 0.339844 0.617188 0.040625 0.028125
7 0.339844 0.617188 0.040625 0.028125
7 0.339844 0.617188 0.040625 0.028125
7 0.339844 0.617188 0.040625 0.028125
7 0.339844 0.5875 0.040625 0.0291667
7 0.339844 0.5875 0.040625 0.0291667
7 0.339844 0.5875 0.040625 0.0291667
7 0.339844 0.5875 0.040625 0.0291667
7 0.340234 0.557813 0.0398437 0.0302083
7 0.340234 0.557813 0.0398437 0.0302083
7 0.340234 0.557813 0.0398437 0.0302083
7 0.340234 0.557813 0.0398437 0.0302083
7 0.340234 0.496875 0.0398437 0.03125
7 0.340234 0.527083 0.0398437 0.03125
7 0.340234 0.496875 0.0398437 0.03125
7 0.340234 0.527083 0.0398437 0.03125
7 0.340234 0.496875 0.0398437 0.03125
7 0.340234 0.527083 0.0398437 0.03125
7 0.340234 0.496875 0.0398437 0.03125
7 0.340234 0.527083 0.0398437 0.03125
7 0.322266 0.467187 0.0507812 0.0322917
7 0.322266 0.467187 0.0507812 0.0322917
7 0.322266 0.467187 0.0507812 0.0322917
7 0.322266 0.467187 0.0507812 0.0322917
8 0.532031 0.613021 0.0625 0.028125
8 0.532031 0.613021 0.0625 0.028125
8 0.532031 0.613021 0.0625 0.028125
8 0.532031 0.613021 0.0625 0.028125
8 0.532031 0.584375 0.0625 0.0291667
8 0.532031 0.584375 0.0625 0.0291667
8 0.532031 0.584375 0.0625 0.0291667
8 0.532031 0.584375 0.0625 0.0291667
8 0.530859 0.698958 0.0632813 0.0291667
8 0.530078 0.757292 0.0632813 0.0291667
8 0.530859 0.698958 0.0632813 0.0291667
8 0.530078 0.757292 0.0632813 0.0291667
8 0.530859 0.698958 0.0632813 0.0291667
8 0.530078 0.757292 0.0632813 0.0291667
8 0.530859 0.698958 0.0632813 0.0291667
8 0.530078 0.757292 0.0632813 0.0291667
8 0.531641 0.526563 0.0617188 0.0302083
8 0.531641 0.526563 0.0617188 0.0302083
8 0.531641 0.526563 0.0617188 0.0302083
8 0.531641 0.526563 0.0617188 0.0302083
8 0.53125 0.641146 0.0625 0.0302083
8 0.53125 0.641146 0.0625 0.0302083
8 0.53125 0.641146 0.0625 0.0302083
8 0.53125 0.641146 0.0625 0.0302083
8 0.53125 0.498958 0.0609375 0.03125
8 0.53125 0.498958 0.0609375 0.03125
8 0.53125 0.498958 0.0609375 0.03125
8 0.53125 0.498958 0.0609375 0.03125
7 0.326953 0.767187 0.0632813 0.0302083
8 0.530078 0.785937 0.0632813 0.0302083
8 0.531641 0.670313 0.0632813 0.0302083
7 0.326953 0.767187 0.0632813 0.0302083
8 0.530078 0.785937 0.0632813 0.0302083
8 0.531641 0.670313 0.0632813 0.0302083
7 0.326953 0.767187 0.0632813 0.0302083
8 0.530078 0.785937 0.0632813 0.0302083
8 0.531641 0.670313 0.0632813 0.0302083
7 0.326953 0.767187 0.0632813 0.0302083
8 0.530078 0.785937 0.0632813 0.0302083
8 0.531641 0.670313 0.0632813 0.0302083
8 0.529688 0.815104 0.0640625 0.0302083
8 0.530469 0.727604 0.0640625 0.0302083
8 0.529688 0.815104 0.0640625 0.0302083
8 0.530469 0.727604 0.0640625 0.0302083
8 0.529688 0.815104 0.0640625 0.0302083
8 0.530469 0.727604 0.0640625 0.0302083
8 0.529688 0.815104 0.0640625 0.0302083
8 0.530469 0.727604 0.0640625 0.0302083
7 0.326562 0.7375 0.0625 0.03125
7 0.326562 0.7375 0.0625 0.03125
7 0.326562 0.7375 0.0625 0.03125
7 0.326562 0.7375 0.0625 0.03125
7 0.327734 0.707292 0.0632813 0.03125
8 0.532422 0.557292 0.0632813 0.03125
7 0.327734 0.707292 0.0632813 0.03125
8 0.532422 0.557292 0.0632813 0.03125
7 0.327734 0.707292 0.0632813 0.03125
8 0.532422 0.557292 0.0632813 0.03125
7 0.327734 0.707292 0.0632813 0.03125
8 0.532422 0.557292 0.0632813 0.03125
11 0.402344 0.496354 0.0671875 0.0302083
11 0.402344 0.496354 0.0671875 0.0302083
11 0.402344 0.496354 0.0671875 0.0302083
11 0.402344 0.496354 0.0671875 0.0302083
7 0.325781 0.797917 0.065625 0.03125
7 0.325781 0.797917 0.065625 0.03125
7 0.325781 0.797917 0.065625 0.03125
7 0.325781 0.797917 0.065625 0.03125
7 0.326172 0.676042 0.0664062 0.03125
7 0.326172 0.676042 0.0664062 0.03125
7 0.326172 0.676042 0.0664062 0.03125
7 0.326172 0.676042 0.0664062 0.03125
11 0.403906 0.467708 0.0671875 0.03125
11 0.403906 0.467708 0.0671875 0.03125
11 0.403906 0.467708 0.0671875 0.03125
11 0.403906 0.467708 0.0671875 0.03125
7 0.324609 0.860417 0.0648438 0.0333333
8 0.529297 0.845833 0.0648438 0.0333333
7 0.324609 0.860417 0.0648438 0.0333333
8 0.529297 0.845833 0.0648438 0.0333333
7 0.324609 0.860417 0.0648438 0.0333333
8 0.529297 0.845833 0.0648438 0.0333333
7 0.324609 0.860417 0.0648438 0.0333333
8 0.529297 0.845833 0.0648438 0.0333333
11 0.399219 0.584896 0.071875 0.0302083
11 0.399219 0.584896 0.071875 0.0302083
11 0.399219 0.584896 0.071875 0.0302083
11 0.399219 0.584896 0.071875 0.0302083
11 0.401172 0.526042 0.0695312 0.03125
11 0.401172 0.526042 0.0695312 0.03125
11 0.401172 0.526042 0.0695312 0.03125
11 0.401172 0.526042 0.0695312 0.03125
11 0.396875 0.673437 0.0734375 0.0302083
11 0.396875 0.673437 0.0734375 0.0302083
11 0.396875 0.673437 0.0734375 0.0302083
11 0.396875 0.673437 0.0734375 0.0302083
11 0.395703 0.761979 0.0742188 0.0302083
11 0.398047 0.614062 0.0742188 0.0302083
11 0.395703 0.761979 0.0742188 0.0302083
11 0.398047 0.614062 0.0742188 0.0302083
11 0.395703 0.761979 0.0742188 0.0302083
11 0.398047 0.614062 0.0742188 0.0302083
11 0.395703 0.761979 0.0742188 0.0302083
11 0.398047 0.614062 0.0742188 0.0302083
8 0.530859 0.467187 0.0617188 0.0364583
8 0.530859 0.467187 0.0617188 0.0364583
8 0.530859 0.467187 0.0617188 0.0364583
8 0.530859 0.467187 0.0617188 0.0364583
11 0.395312 0.791146 0.075 0.0302083
11 0.395312 0.791146 0.075 0.0302083
11 0.395312 0.791146 0.075 0.0302083
11 0.395312 0.791146 0.075 0.0302083
11 0.4 0.555729 0.0703125 0.0322917
11 0.4 0.555729 0.0703125 0.0322917
11 0.4 0.555729 0.0703125 0.0322917
11 0.4 0.555729 0.0703125 0.0322917
7 0.322656 0.645833 0.0734375 0.03125
11 0.396094 0.732292 0.0734375 0.03125
7 0.322656 0.645833 0.0734375 0.03125
11 0.396094 0.732292 0.0734375 0.03125
7 0.322656 0.645833 0.0734375 0.03125
11 0.396094 0.732292 0.0734375 0.03125
7 0.322656 0.645833 0.0734375 0.03125
11 0.396094 0.732292 0.0734375 0.03125
11 0.467578 0.585938 0.0632813 0.0364583
11 0.467578 0.585938 0.0632813 0.0364583
11 0.467578 0.585938 0.0632813 0.0364583
11 0.467578 0.585938 0.0632813 0.0364583
7 0.324219 0.828646 0.0671875 0.034375
7 0.324219 0.828646 0.0671875 0.034375
7 0.324219 0.828646 0.0671875 0.034375
7 0.324219 0.828646 0.0671875 0.034375
11 0.397266 0.642708 0.0742188 0.03125
11 0.397266 0.642708 0.0742188 0.03125
11 0.397266 0.642708 0.0742188 0.03125
11 0.397266 0.642708 0.0742188 0.03125
11 0.466406 0.695312 0.0640625 0.0364583
11 0.466406 0.695312 0.0640625 0.0364583
11 0.466406 0.695312 0.0640625 0.0364583
11 0.466406 0.695312 0.0640625 0.0364583
11 0.465234 0.843229 0.0648438 0.0364583
11 0.465234 0.843229 0.0648438 0.0364583
11 0.465234 0.843229 0.0648438 0.0364583
11 0.465234 0.843229 0.0648438 0.0364583
11 0.396875 0.702604 0.0734375 0.0322917
11 0.396875 0.702604 0.0734375 0.0322917
11 0.396875 0.702604 0.0734375 0.0322917
11 0.396875 0.702604 0.0734375 0.0322917
11 0.466797 0.621875 0.0632813 0.0375
11 0.467578 0.551042 0.0632813 0.0375
11 0.466797 0.621875 0.0632813 0.0375
11 0.467578 0.551042 0.0632813 0.0375
11 0.466797 0.621875 0.0632813 0.0375
11 0.467578 0.551042 0.0632813 0.0375
11 0.466797 0.621875 0.0632813 0.0375
11 0.467578 0.551042 0.0632813 0.0375
11 0.395703 0.821354 0.0742188 0.0322917
11 0.395703 0.821354 0.0742188 0.0322917
11 0.395703 0.821354 0.0742188 0.0322917
11 0.395703 0.821354 0.0742188 0.0322917
11 0.467969 0.515104 0.0625 0.0385417
11 0.46875 0.478646 0.0625 0.0385417
11 0.467969 0.515104 0.0625 0.0385417
11 0.46875 0.478646 0.0625 0.0385417
11 0.467969 0.515104 0.0625 0.0385417
11 0.46875 0.478646 0.0625 0.0385417
11 0.467969 0.515104 0.0625 0.0385417
11 0.46875 0.478646 0.0625 0.0385417
11 0.395312 0.850521 0.075 0.0322917
11 0.395312 0.850521 0.075 0.0322917
11 0.395312 0.850521 0.075 0.0322917
11 0.395312 0.850521 0.075 0.0322917
11 0.465625 0.731771 0.0640625 0.0385417
11 0.465625 0.731771 0.0640625 0.0385417
11 0.465625 0.731771 0.0640625 0.0385417
11 0.465625 0.731771 0.0640625 0.0385417
11 0.465234 0.769271 0.0648438 0.0385417
11 0.465234 0.769271 0.0648438 0.0385417
11 0.465234 0.769271 0.0648438 0.0385417
11 0.465234 0.769271 0.0648438 0.0385417
11 0.466406 0.658333 0.0640625 0.0395833
11 0.465625 0.80625 0.0640625 0.0395833
11 0.466406 0.658333 0.0640625 0.0395833
11 0.465625 0.80625 0.0640625 0.0395833
11 0.466406 0.658333 0.0640625 0.0395833
11 0.465625 0.80625 0.0640625 0.0395833
11 0.466406 0.658333 0.0640625 0.0395833
11 0.465625 0.80625 0.0640625 0.0395833
60 0.232812 0.784896 0.0578125 0.159375
60 0.232812 0.784896 0.0578125 0.159375
60 0.232812 0.784896 0.0578125 0.159375
60 0.232812 0.784896 0.0578125 0.159375
49 0.723047 0.635417 0.102344 0.339583
49 0.723047 0.635417 0.102344 0.339583
49 0.723047 0.635417 0.102344 0.339583
49 0.723047 0.635417 0.102344 0.339583
53 0.165234 0.753646 0.103906 0.492708
53 0.165234 0.753646 0.103906 0.492708
53 0.165234 0.753646 0.103906 0.492708
53 0.165234 0.753646 0.103906 0.492708
53 0.675781 0.827604 0.201562 0.342708
53 0.675781 0.827604 0.201562 0.342708
53 0.675781 0.827604 0.201562 0.342708
53 0.675781 0.827604 0.201562 0.342708
49 0.0742188 0.742708 0.148438 0.514583
49 0.0742188 0.742708 0.148438 0.514583
49 0.0742188 0.742708 0.148438 0.514583
49 0.0742188 0.742708 0.148438 0.514583
