1 0.752734 0.398438 0.0429688 0.0385417
1 0.312891 0.789062 0.111719 0.0447917
1 0.795313 0.438021 0.046875 0.021875
1 0.767578 0.518229 0.0585938 0.0197917
1 0.755859 0.431771 0.0335938 0.0322917
1 0.314453 0.676562 0.0835937 0.046875
1 0.620703 0.849479 0.0757812 0.0364583
1 0.251563 0.590625 0.0828125 0.0625
3 0.535547 0.946354 0.110156 0.0989583
1 0.407422 0.78125 0.0992187 0.05625
1 0.796094 0.427604 0.046875 0.0197917
1 0.660156 0.559375 0.0578125 0.0229167
1 0.26875 0.554167 0.05 0.03125
1 0.6 0.803646 0.104687 0.0635417
1 0.743359 0.765625 0.133594 0.127083
1 0.608984 0.678125 0.0804688 0.0479167
1 0.346094 0.68125 0.028125 0.0375
1 0.533984 0.8625 0.107031 0.08125
1 0.795703 0.409896 0.0445312 0.0197917
1 0.543359 0.736458 0.0601562 0.05625
1 0.298438 0.809375 0.1375 0.0833333
1 0.466797 0.369271 0.0585938 0.0427083
1 0.610547 0.569792 0.0539063 0.0416667
1 0.551172 0.448438 0.0492188 0.0385417
1 0.394531 0.404687 0.0546875 0.040625
1 0.325 0.602604 0.06875 0.040625
1 0.366016 0.483854 0.0539063 0.040625
1 0.4125 0.365625 0.05 0.0395833
1 0.561328 0.567708 0.0492188 0.0416667
1 0.439063 0.448958 0.059375 0.0375
1 0.467969 0.486979 0.0578125 0.0385417
1 0.602344 0.608333 0.0734375 0.0395833
1 0.314844 0.483854 0.0515625 0.040625
1 0.332812 0.446354 0.0546875 0.040625
1 0.497266 0.451562 0.0585938 0.0364583
1 0.521484 0.486458 0.0492188 0.0395833
1 0.416797 0.485417 0.0492188 0.0395833
1 0.463672 0.604688 0.0695312 0.040625
1 0.393359 0.604167 0.0710938 0.0395833
1 0.606641 0.647917 0.0773437 0.04375
1 0.360547 0.369792 0.0539063 0.0416667
1 0.5375 0.526042 0.0484375 0.0416667
1 0.442187 0.898958 0.084375 0.197917
1 0.513672 0.566667 0.0476562 0.0416667
1 0.371484 0.565104 0.0492188 0.040625
1 0.319922 0.563021 0.0570313 0.040625
1 0.490234 0.525 0.0476562 0.0416667
1 0.315625 0.642187 0.0859375 0.040625
1 0.585938 0.528125 0.0515625 0.0416667
1 0.344531 0.407292 0.05 0.0416667
1 0.603125 0.451042 0.05625 0.0395833
1 0.539844 0.686458 0.059375 0.0395833
1 0.569922 0.4875 0.0492188 0.0395833
1 0.531641 0.60625 0.0695312 0.0375
1 0.344141 0.523438 0.0554687 0.040625
1 0.539844 0.408333 0.0484375 0.0416667
1 0.292188 0.522396 0.0484375 0.040625
1 0.394531 0.524479 0.0484375 0.040625
1 0.147656 0.750521 0.132812 0.117708
1 0.419922 0.566146 0.0476562 0.040625
1 0.308594 0.734896 0.071875 0.0739583
1 0.492578 0.327083 0.0492188 0.0416667
1 0.610156 0.740104 0.078125 0.0739583
1 0.493359 0.410937 0.0492188 0.046875
1 0.391797 0.330729 0.0539063 0.0385417
1 0.519531 0.367708 0.05 0.0395833
1 0.377734 0.729688 0.0679687 0.0572917
1 0.445312 0.408854 0.05 0.040625
1 0.444531 0.326042 0.0484375 0.0416667
1 0.747656 0.855208 0.123438 0.0666667
1 0.469141 0.286458 0.0507812 0.0416667
1 0.386328 0.682292 0.0554687 0.0395833
1 0.467187 0.565625 0.0484375 0.0395833
1 0.442578 0.524479 0.0492188 0.040625
1 0.486719 0.646354 0.05 0.0427083
1 0.352344 0.848958 0.1125 0.0895833
1 0.241016 0.886979 0.110156 0.0802083
1 0.538281 0.645833 0.0609375 0.04375
1 0.469922 0.245312 0.0507812 0.0447917
1 0.591797 0.411979 0.0570313 0.0427083
1 0.384766 0.44375 0.0523437 0.0416667
1 0.544531 0.332812 0.05625 0.0385417
1 0.417578 0.292708 0.0554687 0.0395833
1 0.619922 0.489583 0.0570313 0.0395833
1 0.387109 0.642187 0.0554687 0.040625
1 0.522656 0.293229 0.0578125 0.0427083
1 0.4375 0.645312 0.0515625 0.0427083
1 0.637891 0.529688 0.0554687 0.040625
1 0.437891 0.6875 0.0507812 0.0416667
1 0.240234 0.955208 0.105469 0.0625
1 0.144531 0.824479 0.134375 0.0885417
1 0.571875 0.371875 0.05625 0.0395833
1 0.485938 0.729167 0.0515625 0.0416667
1 0.486719 0.688021 0.05 0.0427083
1 0.435937 0.728125 0.0515625 0.0416667
1 0.134375 0.895312 0.107813 0.059375
1 0.644141 0.96875 0.105469 0.0604167
1 0.642187 0.896354 0.110937 0.0947917
1 0.751953 0.971875 0.110156 0.05625
1 0.135937 0.955729 0.107813 0.065625
1 0.752734 0.916146 0.110156 0.0635417
1 0.752734 0.398438 0.0429688 0.0385417
1 0.312891 0.789062 0.111719 0.0447917
1 0.795313 0.438021 0.046875 0.021875
1 0.767578 0.518229 0.0585938 0.0197917
1 0.755859 0.431771 0.0335938 0.0322917
1 0.314453 0.676562 0.0835937 0.046875
1 0.620703 0.849479 0.0757812 0.0364583
1 0.251563 0.590625 0.0828125 0.0625
3 0.535547 0.946354 0.110156 0.0989583
1 0.407422 0.78125 0.0992187 0.05625
1 0.796094 0.427604 0.046875 0.0197917
1 0.660156 0.559375 0.0578125 0.0229167
1 0.26875 0.554167 0.05 0.03125
1 0.6 0.803646 0.104687 0.0635417
1 0.743359 0.765625 0.133594 0.127083
1 0.608984 0.678125 0.0804688 0.0479167
1 0.346094 0.68125 0.028125 0.0375
1 0.533984 0.8625 0.107031 0.08125
1 0.795703 0.409896 0.0445312 0.0197917
1 0.543359 0.736458 0.0601562 0.05625
1 0.298438 0.809375 0.1375 0.0833333
1 0.466797 0.369271 0.0585938 0.0427083
1 0.610547 0.569792 0.0539063 0.0416667
1 0.551172 0.448438 0.0492188 0.0385417
1 0.394531 0.404687 0.0546875 0.040625
1 0.325 0.602604 0.06875 0.040625
1 0.366016 0.483854 0.0539063 0.040625
1 0.4125 0.365625 0.05 0.0395833
1 0.561328 0.567708 0.0492188 0.0416667
1 0.439063 0.448958 0.059375 0.0375
1 0.467969 0.486979 0.0578125 0.0385417
1 0.602344 0.608333 0.0734375 0.0395833
1 0.314844 0.483854 0.0515625 0.040625
1 0.332812 0.446354 0.0546875 0.040625
1 0.497266 0.451562 0.0585938 0.0364583
1 0.521484 0.486458 0.0492188 0.0395833
1 0.416797 0.485417 0.0492188 0.0395833
1 0.463672 0.604688 0.0695312 0.040625
1 0.393359 0.604167 0.0710938 0.0395833
1 0.606641 0.647917 0.0773437 0.04375
1 0.360547 0.369792 0.0539063 0.0416667
1 0.5375 0.526042 0.0484375 0.0416667
1 0.442187 0.898958 0.084375 0.197917
1 0.513672 0.566667 0.0476562 0.0416667
1 0.371484 0.565104 0.0492188 0.040625
1 0.319922 0.563021 0.0570313 0.040625
1 0.490234 0.525 0.0476562 0.0416667
1 0.315625 0.642187 0.0859375 0.040625
1 0.585938 0.528125 0.0515625 0.0416667
1 0.344531 0.407292 0.05 0.0416667
1 0.603125 0.451042 0.05625 0.0395833
1 0.539844 0.686458 0.059375 0.0395833
1 0.569922 0.4875 0.0492188 0.0395833
1 0.531641 0.60625 0.0695312 0.0375
1 0.344141 0.523438 0.0554687 0.040625
1 0.539844 0.408333 0.0484375 0.0416667
1 0.292188 0.522396 0.0484375 0.040625
1 0.394531 0.524479 0.0484375 0.040625
1 0.147656 0.750521 0.132812 0.117708
1 0.419922 0.566146 0.0476562 0.040625
1 0.308594 0.734896 0.071875 0.0739583
1 0.492578 0.327083 0.0492188 0.0416667
1 0.610156 0.740104 0.078125 0.0739583
1 0.493359 0.410937 0.0492188 0.046875
1 0.391797 0.330729 0.0539063 0.0385417
1 0.519531 0.367708 0.05 0.0395833
1 0.377734 0.729688 0.0679687 0.0572917
1 0.445312 0.408854 0.05 0.040625
1 0.444531 0.326042 0.0484375 0.0416667
1 0.747656 0.855208 0.123438 0.0666667
1 0.469141 0.286458 0.0507812 0.0416667
1 0.386328 0.682292 0.0554687 0.0395833
1 0.467187 0.565625 0.0484375 0.0395833
1 0.442578 0.524479 0.0492188 0.040625
1 0.486719 0.646354 0.05 0.0427083
1 0.352344 0.848958 0.1125 0.0895833
1 0.241016 0.886979 0.110156 0.0802083
1 0.538281 0.645833 0.0609375 0.04375
1 0.469922 0.245312 0.0507812 0.0447917
1 0.591797 0.411979 0.0570313 0.0427083
1 0.384766 0.44375 0.0523437 0.0416667
1 0.544531 0.332812 0.05625 0.0385417
1 0.417578 0.292708 0.0554687 0.0395833
1 0.619922 0.489583 0.0570313 0.0395833
1 0.387109 0.642187 0.0554687 0.040625
1 0.522656 0.293229 0.0578125 0.0427083
1 0.4375 0.645312 0.0515625 0.0427083
1 0.637891 0.529688 0.0554687 0.040625
1 0.437891 0.6875 0.0507812 0.0416667
1 0.240234 0.955208 0.105469 0.0625
1 0.144531 0.824479 0.134375 0.0885417
1 0.571875 0.371875 0.05625 0.0395833
1 0.485938 0.729167 0.0515625 0.0416667
1 0.486719 0.688021 0.05 0.0427083
1 0.435937 0.728125 0.0515625 0.0416667
1 0.134375 0.895312 0.107813 0.059375
1 0.644141 0.96875 0.105469 0.0604167
1 0.642187 0.896354 0.110937 0.0947917
1 0.751953 0.971875 0.110156 0.05625
1 0.135937 0.955729 0.107813 0.065625
1 0.752734 0.916146 0.110156 0.0635417
1 0.752734 0.398438 0.0429688 0.0385417
1 0.312891 0.789062 0.111719 0.0447917
1 0.795313 0.438021 0.046875 0.021875
1 0.767578 0.518229 0.0585938 0.0197917
1 0.755859 0.431771 0.0335938 0.0322917
1 0.314453 0.676562 0.0835937 0.046875
1 0.620703 0.849479 0.0757812 0.0364583
1 0.251563 0.590625 0.0828125 0.0625
3 0.535547 0.946354 0.110156 0.0989583
1 0.407422 0.78125 0.0992187 0.05625
1 0.796094 0.427604 0.046875 0.0197917
1 0.660156 0.559375 0.0578125 0.0229167
1 0.26875 0.554167 0.05 0.03125
1 0.6 0.803646 0.104687 0.0635417
1 0.743359 0.765625 0.133594 0.127083
1 0.608984 0.678125 0.0804688 0.0479167
1 0.346094 0.68125 0.028125 0.0375
1 0.533984 0.8625 0.107031 0.08125
1 0.795703 0.409896 0.0445312 0.0197917
1 0.543359 0.736458 0.0601562 0.05625
1 0.298438 0.809375 0.1375 0.0833333
1 0.466797 0.369271 0.0585938 0.0427083
1 0.610547 0.569792 0.0539063 0.0416667
1 0.551172 0.448438 0.0492188 0.0385417
1 0.394531 0.404687 0.0546875 0.040625
1 0.325 0.602604 0.06875 0.040625
1 0.366016 0.483854 0.0539063 0.040625
1 0.4125 0.365625 0.05 0.0395833
1 0.561328 0.567708 0.0492188 0.0416667
1 0.439063 0.448958 0.059375 0.0375
1 0.467969 0.486979 0.0578125 0.0385417
1 0.602344 0.608333 0.0734375 0.0395833
1 0.314844 0.483854 0.0515625 0.040625
1 0.332812 0.446354 0.0546875 0.040625
1 0.497266 0.451562 0.0585938 0.0364583
1 0.521484 0.486458 0.0492188 0.0395833
1 0.416797 0.485417 0.0492188 0.0395833
1 0.463672 0.604688 0.0695312 0.040625
1 0.393359 0.604167 0.0710938 0.0395833
1 0.606641 0.647917 0.0773437 0.04375
1 0.360547 0.369792 0.0539063 0.0416667
1 0.5375 0.526042 0.0484375 0.0416667
1 0.442187 0.898958 0.084375 0.197917
1 0.513672 0.566667 0.0476562 0.0416667
1 0.371484 0.565104 0.0492188 0.040625
1 0.319922 0.563021 0.0570313 0.040625
1 0.490234 0.525 0.0476562 0.0416667
1 0.315625 0.642187 0.0859375 0.040625
1 0.585938 0.528125 0.0515625 0.0416667
1 0.344531 0.407292 0.05 0.0416667
1 0.603125 0.451042 0.05625 0.0395833
1 0.539844 0.686458 0.059375 0.0395833
1 0.569922 0.4875 0.0492188 0.0395833
1 0.531641 0.60625 0.0695312 0.0375
1 0.344141 0.523438 0.0554687 0.040625
1 0.539844 0.408333 0.0484375 0.0416667
1 0.292188 0.522396 0.0484375 0.040625
1 0.394531 0.524479 0.0484375 0.040625
1 0.147656 0.750521 0.132812 0.117708
1 0.419922 0.566146 0.0476562 0.040625
1 0.308594 0.734896 0.071875 0.0739583
1 0.492578 0.327083 0.0492188 0.0416667
1 0.610156 0.740104 0.078125 0.0739583
1 0.493359 0.410937 0.0492188 0.046875
1 0.391797 0.330729 0.0539063 0.0385417
1 0.519531 0.367708 0.05 0.0395833
1 0.377734 0.729688 0.0679687 0.0572917
1 0.445312 0.408854 0.05 0.040625
1 0.444531 0.326042 0.0484375 0.0416667
1 0.747656 0.855208 0.123438 0.0666667
1 0.469141 0.286458 0.0507812 0.0416667
1 0.386328 0.682292 0.0554687 0.0395833
1 0.467187 0.565625 0.0484375 0.0395833
1 0.442578 0.524479 0.0492188 0.040625
1 0.486719 0.646354 0.05 0.0427083
1 0.352344 0.848958 0.1125 0.0895833
1 0.241016 0.886979 0.110156 0.0802083
1 0.538281 0.645833 0.0609375 0.04375
1 0.469922 0.245312 0.0507812 0.0447917
1 0.591797 0.411979 0.0570313 0.0427083
1 0.384766 0.44375 0.0523437 0.0416667
1 0.544531 0.332812 0.05625 0.0385417
1 0.417578 0.292708 0.0554687 0.0395833
1 0.619922 0.489583 0.0570313 0.0395833
1 0.387109 0.642187 0.0554687 0.040625
1 0.522656 0.293229 0.0578125 0.0427083
1 0.4375 0.645312 0.0515625 0.0427083
1 0.637891 0.529688 0.0554687 0.040625
1 0.437891 0.6875 0.0507812 0.0416667
1 0.240234 0.955208 0.105469 0.0625
1 0.144531 0.824479 0.134375 0.0885417
1 0.571875 0.371875 0.05625 0.0395833
1 0.485938 0.729167 0.0515625 0.0416667
1 0.486719 0.688021 0.05 0.0427083
1 0.435937 0.728125 0.0515625 0.0416667
1 0.134375 0.895312 0.107813 0.059375
1 0.644141 0.96875 0.105469 0.0604167
1 0.642187 0.896354 0.110937 0.0947917
1 0.751953 0.971875 0.110156 0.05625
1 0.135937 0.955729 0.107813 0.065625
1 0.752734 0.916146 0.110156 0.0635417
1 0.752734 0.398438 0.0429688 0.0385417
1 0.312891 0.789062 0.111719 0.0447917
1 0.795313 0.438021 0.046875 0.021875
1 0.767578 0.518229 0.0585938 0.0197917
1 0.755859 0.431771 0.0335938 0.0322917
1 0.314453 0.676562 0.0835937 0.046875
1 0.620703 0.849479 0.0757812 0.0364583
1 0.251563 0.590625 0.0828125 0.0625
3 0.535547 0.946354 0.110156 0.0989583
1 0.407422 0.78125 0.0992187 0.05625
1 0.796094 0.427604 0.046875 0.0197917
1 0.660156 0.559375 0.0578125 0.0229167
1 0.26875 0.554167 0.05 0.03125
1 0.6 0.803646 0.104687 0.0635417
1 0.743359 0.765625 0.133594 0.127083
1 0.608984 0.678125 0.0804688 0.0479167
1 0.346094 0.68125 0.028125 0.0375
1 0.533984 0.8625 0.107031 0.08125
1 0.795703 0.409896 0.0445312 0.0197917
1 0.543359 0.736458 0.0601562 0.05625
1 0.298438 0.809375 0.1375 0.0833333
1 0.466797 0.369271 0.0585938 0.0427083
1 0.610547 0.569792 0.0539063 0.0416667
1 0.551172 0.448438 0.0492188 0.0385417
1 0.394531 0.404687 0.0546875 0.040625
1 0.325 0.602604 0.06875 0.040625
1 0.366016 0.483854 0.0539063 0.040625
1 0.4125 0.365625 0.05 0.0395833
1 0.561328 0.567708 0.0492188 0.0416667
1 0.439063 0.448958 0.059375 0.0375
1 0.467969 0.486979 0.0578125 0.0385417
1 0.602344 0.608333 0.0734375 0.0395833
1 0.314844 0.483854 0.0515625 0.040625
1 0.332812 0.446354 0.0546875 0.040625
1 0.497266 0.451562 0.0585938 0.0364583
1 0.521484 0.486458 0.0492188 0.0395833
1 0.416797 0.485417 0.0492188 0.0395833
1 0.463672 0.604688 0.0695312 0.040625
1 0.393359 0.604167 0.0710938 0.0395833
1 0.606641 0.647917 0.0773437 0.04375
1 0.360547 0.369792 0.0539063 0.0416667
1 0.5375 0.526042 0.0484375 0.0416667
1 0.442187 0.898958 0.084375 0.197917
1 0.513672 0.566667 0.0476562 0.0416667
1 0.371484 0.565104 0.0492188 0.040625
1 0.319922 0.563021 0.0570313 0.040625
1 0.490234 0.525 0.0476562 0.0416667
1 0.315625 0.642187 0.0859375 0.040625
1 0.585938 0.528125 0.0515625 0.0416667
1 0.344531 0.407292 0.05 0.0416667
1 0.603125 0.451042 0.05625 0.0395833
1 0.539844 0.686458 0.059375 0.0395833
1 0.569922 0.4875 0.0492188 0.0395833
1 0.531641 0.60625 0.0695312 0.0375
1 0.344141 0.523438 0.0554687 0.040625
1 0.539844 0.408333 0.0484375 0.0416667
1 0.292188 0.522396 0.0484375 0.040625
1 0.394531 0.524479 0.0484375 0.040625
1 0.147656 0.750521 0.132812 0.117708
1 0.419922 0.566146 0.0476562 0.040625
1 0.308594 0.734896 0.071875 0.0739583
1 0.492578 0.327083 0.0492188 0.0416667
1 0.610156 0.740104 0.078125 0.0739583
1 0.493359 0.410937 0.0492188 0.046875
1 0.391797 0.330729 0.0539063 0.0385417
1 0.519531 0.367708 0.05 0.0395833
1 0.377734 0.729688 0.0679687 0.0572917
1 0.445312 0.408854 0.05 0.040625
1 0.444531 0.326042 0.0484375 0.0416667
1 0.747656 0.855208 0.123438 0.0666667
1 0.469141 0.286458 0.0507812 0.0416667
1 0.386328 0.682292 0.0554687 0.0395833
1 0.467187 0.565625 0.0484375 0.0395833
1 0.442578 0.524479 0.0492188 0.040625
1 0.486719 0.646354 0.05 0.0427083
1 0.352344 0.848958 0.1125 0.0895833
1 0.241016 0.886979 0.110156 0.0802083
1 0.538281 0.645833 0.0609375 0.04375
1 0.469922 0.245312 0.0507812 0.0447917
1 0.591797 0.411979 0.0570313 0.0427083
1 0.384766 0.44375 0.0523437 0.0416667
1 0.544531 0.332812 0.05625 0.0385417
1 0.417578 0.292708 0.0554687 0.0395833
1 0.619922 0.489583 0.0570313 0.0395833
1 0.387109 0.642187 0.0554687 0.040625
1 0.522656 0.293229 0.0578125 0.0427083
1 0.4375 0.645312 0.0515625 0.0427083
1 0.637891 0.529688 0.0554687 0.040625
1 0.437891 0.6875 0.0507812 0.0416667
1 0.240234 0.955208 0.105469 0.0625
1 0.144531 0.824479 0.134375 0.0885417
1 0.571875 0.371875 0.05625 0.0395833
1 0.485938 0.729167 0.0515625 0.0416667
1 0.486719 0.688021 0.05 0.0427083
1 0.435937 0.728125 0.0515625 0.0416667
1 0.134375 0.895312 0.107813 0.059375
1 0.644141 0.96875 0.105469 0.0604167
1 0.642187 0.896354 0.110937 0.0947917
1 0.751953 0.971875 0.110156 0.05625
1 0.135937 0.955729 0.107813 0.065625
1 0.752734 0.916146 0.110156 0.0635417
