1 0.989258 0.335938 0.0201823 0.0410156
1 0.22168 0.789307 0.132161 0.108887
3 0.849935 0.00708008 0.0410156 0.0141602
1 0.776367 0.630615 0.0332031 0.0698242
1 0.99056 0.291016 0.0175781 0.0517578
3 0.939779 0.0078125 0.046224 0.015625
3 0.820964 0.0708008 0.0429688 0.0419922
3 0.852214 0.0195312 0.046875 0.0351562
10 0.207682 0.52832 0.0325521 0.0556641
1 0.988932 0.469727 0.0208333 0.0449219
3 0.858724 0.0422363 0.0638021 0.034668
1 0.668945 0.289795 0.158203 0.0893555
1 0.72819 0.0976562 0.0735677 0.0439453
3 0.99056 0.0793457 0.0175781 0.0307617
3 0.977865 0.0112305 0.0429688 0.0224609
1 0.180339 0.697998 0.201823 0.112793
1 0.72819 0.124512 0.0735677 0.0458984
1 0.941406 0.473633 0.0859375 0.0488281
3 0.989909 0.105713 0.0188802 0.0288086
1 0.946289 0.560547 0.0996094 0.0742188
1 0.766602 0.632324 0.261068 0.128906
1 0.609375 0.144775 0.046875 0.0473633
3 0.988607 0.136475 0.0214844 0.0512695
1 0.866862 0.258057 0.0644531 0.065918
3 0.845378 0.0688477 0.0917969 0.0439453
1 0.586914 0.293213 0.320964 0.0991211
1 0.637695 0.0568848 0.116536 0.101074
1 0.0869141 0.831055 0.149089 0.118164
3 0.988607 0.24707 0.0214844 0.0351562
1 0.960286 0.293213 0.0442708 0.0483398
1 0.513997 0.443848 0.147786 0.0693359
1 0.945638 0.496826 0.0983073 0.0981445
1 0.66862 0.44165 0.169271 0.074707
1 0.732422 0.0200195 0.0807292 0.0400391
3 0.846029 0.0974121 0.0917969 0.0805664
1 0.506185 0.302246 0.159505 0.0810547
1 0.658529 0.210938 0.185547 0.102539
1 0.868164 0.30249 0.0605469 0.0317383
1 0.414388 0.505859 0.0579427 0.0595703
3 0.908854 0.119385 0.0455729 0.0317383
1 0.637695 0.117676 0.103516 0.0673828
1 0.938802 0.256104 0.0794271 0.0454102
1 0.514323 0.511963 0.145833 0.0629883
3 0.98763 0.18335 0.0234375 0.0561523
1 0.922526 0.677979 0.0572917 0.0610352
3 0.988281 0.218506 0.0221354 0.0307617
3 0.872396 0.0307617 0.0885417 0.0576172
1 0.637695 0.015625 0.113932 0.03125
1 0.794271 0.30542 0.0872396 0.074707
1 0.91862 0.716064 0.0533854 0.0415039
1 0.794596 0.2229 0.0839844 0.0473633
1 0.667318 0.366943 0.167969 0.0776367
1 0.94694 0.609619 0.0983073 0.0727539
1 0.869792 0.332275 0.0651042 0.0327148
3 0.938802 0.255371 0.0807292 0.0439453
1 0.710612 0.649658 0.13737 0.0981445
1 0.792969 0.256592 0.0846354 0.0444336
1 0.531576 0.924316 0.229818 0.150391
1 0.0768229 0.730957 0.152344 0.131836
3 0.955404 0.108643 0.0514323 0.0307617
3 0.959961 0.140137 0.0592448 0.0556641
1 0.871419 0.375977 0.0696615 0.0576172
3 0.939779 0.0183105 0.046224 0.0356445
1 0.160807 0.606201 0.223958 0.106934
1 0.844727 0.610596 0.104818 0.0854492
1 0.508789 0.373779 0.158203 0.0737305
3 0.959961 0.1875 0.0644531 0.0566406
1 0.958984 0.378906 0.0755208 0.0488281
1 0.435872 0.158936 0.291016 0.156738
3 0.907552 0.0883789 0.0429688 0.0478516
1 0.865234 0.493408 0.0638021 0.059082
1 0.730469 0.0549316 0.0768229 0.0766602
1 0.498698 0.229004 0.148438 0.0986328
1 0.669596 0.513428 0.167318 0.0786133
1 0.844401 0.665039 0.101562 0.0917969
3 0.937174 0.224365 0.0813802 0.034668
1 0.871094 0.434326 0.0703125 0.0571289
1 0.826172 0.558105 0.138021 0.0839844
1 0.79362 0.502197 0.0833333 0.0698242
1 0.72168 0.845215 0.147786 0.139648
1 0.374674 0.256104 0.103516 0.0844727
1 0.950521 0.427002 0.0924479 0.0473633
1 0.84082 0.775391 0.0970052 0.0957031
1 0.841797 0.720459 0.10026 0.0952148
1 0.271159 0.519531 0.23763 0.0791016
1 0.0602214 0.623291 0.120443 0.130371
1 0.674154 0.584717 0.172526 0.0864258
1 0.794596 0.437744 0.0839844 0.0649414
1 0.388346 0.445557 0.107422 0.0600586
1 0.465495 0.0585938 0.230469 0.116211
1 0.720052 0.713623 0.151042 0.120605
1 0.794922 0.372314 0.0846354 0.0649414
1 0.377604 0.320557 0.102865 0.0717773
1 0.380534 0.384277 0.102214 0.0654297
1 0.719727 0.78125 0.146484 0.12793
1 0.46582 0.869629 0.35612 0.180664
1 0.466471 0.78833 0.357422 0.160645
1 0.457031 0.699707 0.367188 0.15625
1 0.415365 0.61084 0.346354 0.136719
1 0.989258 0.335938 0.0201823 0.0410156
1 0.22168 0.789307 0.132161 0.108887
3 0.849935 0.00708008 0.0410156 0.0141602
1 0.776367 0.630615 0.0332031 0.0698242
1 0.99056 0.291016 0.0175781 0.0517578
3 0.939779 0.0078125 0.046224 0.015625
3 0.820964 0.0708008 0.0429688 0.0419922
3 0.852214 0.0195312 0.046875 0.0351562
10 0.207682 0.52832 0.0325521 0.0556641
1 0.988932 0.469727 0.0208333 0.0449219
3 0.858724 0.0422363 0.0638021 0.034668
1 0.668945 0.289795 0.158203 0.0893555
1 0.72819 0.0976562 0.0735677 0.0439453
3 0.99056 0.0793457 0.0175781 0.0307617
3 0.977865 0.0112305 0.0429688 0.0224609
1 0.180339 0.697998 0.201823 0.112793
1 0.72819 0.124512 0.0735677 0.0458984
1 0.941406 0.473633 0.0859375 0.0488281
3 0.989909 0.105713 0.0188802 0.0288086
1 0.946289 0.560547 0.0996094 0.0742188
1 0.766602 0.632324 0.261068 0.128906
1 0.609375 0.144775 0.046875 0.0473633
3 0.988607 0.136475 0.0214844 0.0512695
1 0.866862 0.258057 0.0644531 0.065918
3 0.845378 0.0688477 0.0917969 0.0439453
1 0.586914 0.293213 0.320964 0.0991211
1 0.637695 0.0568848 0.116536 0.101074
1 0.0869141 0.831055 0.149089 0.118164
3 0.988607 0.24707 0.0214844 0.0351562
1 0.960286 0.293213 0.0442708 0.0483398
1 0.513997 0.443848 0.147786 0.0693359
1 0.945638 0.496826 0.0983073 0.0981445
1 0.66862 0.44165 0.169271 0.074707
1 0.732422 0.0200195 0.0807292 0.0400391
3 0.846029 0.0974121 0.0917969 0.0805664
1 0.506185 0.302246 0.159505 0.0810547
1 0.658529 0.210938 0.185547 0.102539
1 0.868164 0.30249 0.0605469 0.0317383
1 0.414388 0.505859 0.0579427 0.0595703
3 0.908854 0.119385 0.0455729 0.0317383
1 0.637695 0.117676 0.103516 0.0673828
1 0.938802 0.256104 0.0794271 0.0454102
1 0.514323 0.511963 0.145833 0.0629883
3 0.98763 0.18335 0.0234375 0.0561523
1 0.922526 0.677979 0.0572917 0.0610352
3 0.988281 0.218506 0.0221354 0.0307617
3 0.872396 0.0307617 0.0885417 0.0576172
1 0.637695 0.015625 0.113932 0.03125
1 0.794271 0.30542 0.0872396 0.074707
1 0.91862 0.716064 0.0533854 0.0415039
1 0.794596 0.2229 0.0839844 0.0473633
1 0.667318 0.366943 0.167969 0.0776367
1 0.94694 0.609619 0.0983073 0.0727539
1 0.869792 0.332275 0.0651042 0.0327148
3 0.938802 0.255371 0.0807292 0.0439453
1 0.710612 0.649658 0.13737 0.0981445
1 0.792969 0.256592 0.0846354 0.0444336
1 0.531576 0.924316 0.229818 0.150391
1 0.0768229 0.730957 0.152344 0.131836
3 0.955404 0.108643 0.0514323 0.0307617
3 0.959961 0.140137 0.0592448 0.0556641
1 0.871419 0.375977 0.0696615 0.0576172
3 0.939779 0.0183105 0.046224 0.0356445
1 0.160807 0.606201 0.223958 0.106934
1 0.844727 0.610596 0.104818 0.0854492
1 0.508789 0.373779 0.158203 0.0737305
3 0.959961 0.1875 0.0644531 0.0566406
1 0.958984 0.378906 0.0755208 0.0488281
1 0.435872 0.158936 0.291016 0.156738
3 0.907552 0.0883789 0.0429688 0.0478516
1 0.865234 0.493408 0.0638021 0.059082
1 0.730469 0.0549316 0.0768229 0.0766602
1 0.498698 0.229004 0.148438 0.0986328
1 0.669596 0.513428 0.167318 0.0786133
1 0.844401 0.665039 0.101562 0.0917969
3 0.937174 0.224365 0.0813802 0.034668
1 0.871094 0.434326 0.0703125 0.0571289
1 0.826172 0.558105 0.138021 0.0839844
1 0.79362 0.502197 0.0833333 0.0698242
1 0.72168 0.845215 0.147786 0.139648
1 0.374674 0.256104 0.103516 0.0844727
1 0.950521 0.427002 0.0924479 0.0473633
1 0.84082 0.775391 0.0970052 0.0957031
1 0.841797 0.720459 0.10026 0.0952148
1 0.271159 0.519531 0.23763 0.0791016
1 0.0602214 0.623291 0.120443 0.130371
1 0.674154 0.584717 0.172526 0.0864258
1 0.794596 0.437744 0.0839844 0.0649414
1 0.388346 0.445557 0.107422 0.0600586
1 0.465495 0.0585938 0.230469 0.116211
1 0.720052 0.713623 0.151042 0.120605
1 0.794922 0.372314 0.0846354 0.0649414
1 0.377604 0.320557 0.102865 0.0717773
1 0.380534 0.384277 0.102214 0.0654297
1 0.719727 0.78125 0.146484 0.12793
1 0.46582 0.869629 0.35612 0.180664
1 0.466471 0.78833 0.357422 0.160645
1 0.457031 0.699707 0.367188 0.15625
1 0.415365 0.61084 0.346354 0.136719
1 0.989258 0.335938 0.0201823 0.0410156
1 0.22168 0.789307 0.132161 0.108887
3 0.849935 0.00708008 0.0410156 0.0141602
1 0.776367 0.630615 0.0332031 0.0698242
1 0.99056 0.291016 0.0175781 0.0517578
3 0.939779 0.0078125 0.046224 0.015625
3 0.820964 0.0708008 0.0429688 0.0419922
3 0.852214 0.0195312 0.046875 0.0351562
10 0.207682 0.52832 0.0325521 0.0556641
1 0.988932 0.469727 0.0208333 0.0449219
3 0.858724 0.0422363 0.0638021 0.034668
1 0.668945 0.289795 0.158203 0.0893555
1 0.72819 0.0976562 0.0735677 0.0439453
3 0.99056 0.0793457 0.0175781 0.0307617
3 0.977865 0.0112305 0.0429688 0.0224609
1 0.180339 0.697998 0.201823 0.112793
1 0.72819 0.124512 0.0735677 0.0458984
1 0.941406 0.473633 0.0859375 0.0488281
3 0.989909 0.105713 0.0188802 0.0288086
1 0.946289 0.560547 0.0996094 0.0742188
1 0.766602 0.632324 0.261068 0.128906
1 0.609375 0.144775 0.046875 0.0473633
3 0.988607 0.136475 0.0214844 0.0512695
1 0.866862 0.258057 0.0644531 0.065918
3 0.845378 0.0688477 0.0917969 0.0439453
1 0.586914 0.293213 0.320964 0.0991211
1 0.637695 0.0568848 0.116536 0.101074
1 0.0869141 0.831055 0.149089 0.118164
3 0.988607 0.24707 0.0214844 0.0351562
1 0.960286 0.293213 0.0442708 0.0483398
1 0.513997 0.443848 0.147786 0.0693359
1 0.945638 0.496826 0.0983073 0.0981445
1 0.66862 0.44165 0.169271 0.074707
1 0.732422 0.0200195 0.0807292 0.0400391
3 0.846029 0.0974121 0.0917969 0.0805664
1 0.506185 0.302246 0.159505 0.0810547
1 0.658529 0.210938 0.185547 0.102539
1 0.868164 0.30249 0.0605469 0.0317383
1 0.414388 0.505859 0.0579427 0.0595703
3 0.908854 0.119385 0.0455729 0.0317383
1 0.637695 0.117676 0.103516 0.0673828
1 0.938802 0.256104 0.0794271 0.0454102
1 0.514323 0.511963 0.145833 0.0629883
3 0.98763 0.18335 0.0234375 0.0561523
1 0.922526 0.677979 0.0572917 0.0610352
3 0.988281 0.218506 0.0221354 0.0307617
3 0.872396 0.0307617 0.0885417 0.0576172
1 0.637695 0.015625 0.113932 0.03125
1 0.794271 0.30542 0.0872396 0.074707
1 0.91862 0.716064 0.0533854 0.0415039
1 0.794596 0.2229 0.0839844 0.0473633
1 0.667318 0.366943 0.167969 0.0776367
1 0.94694 0.609619 0.0983073 0.0727539
1 0.869792 0.332275 0.0651042 0.0327148
3 0.938802 0.255371 0.0807292 0.0439453
1 0.710612 0.649658 0.13737 0.0981445
1 0.792969 0.256592 0.0846354 0.0444336
1 0.531576 0.924316 0.229818 0.150391
1 0.0768229 0.730957 0.152344 0.131836
3 0.955404 0.108643 0.0514323 0.0307617
3 0.959961 0.140137 0.0592448 0.0556641
1 0.871419 0.375977 0.0696615 0.0576172
3 0.939779 0.0183105 0.046224 0.0356445
1 0.160807 0.606201 0.223958 0.106934
1 0.844727 0.610596 0.104818 0.0854492
1 0.508789 0.373779 0.158203 0.0737305
3 0.959961 0.1875 0.0644531 0.0566406
1 0.958984 0.378906 0.0755208 0.0488281
1 0.435872 0.158936 0.291016 0.156738
3 0.907552 0.0883789 0.0429688 0.0478516
1 0.865234 0.493408 0.0638021 0.059082
1 0.730469 0.0549316 0.0768229 0.0766602
1 0.498698 0.229004 0.148438 0.0986328
1 0.669596 0.513428 0.167318 0.0786133
1 0.844401 0.665039 0.101562 0.0917969
3 0.937174 0.224365 0.0813802 0.034668
1 0.871094 0.434326 0.0703125 0.0571289
1 0.826172 0.558105 0.138021 0.0839844
1 0.79362 0.502197 0.0833333 0.0698242
1 0.72168 0.845215 0.147786 0.139648
1 0.374674 0.256104 0.103516 0.0844727
1 0.950521 0.427002 0.0924479 0.0473633
1 0.84082 0.775391 0.0970052 0.0957031
1 0.841797 0.720459 0.10026 0.0952148
1 0.271159 0.519531 0.23763 0.0791016
1 0.0602214 0.623291 0.120443 0.130371
1 0.674154 0.584717 0.172526 0.0864258
1 0.794596 0.437744 0.0839844 0.0649414
1 0.388346 0.445557 0.107422 0.0600586
1 0.465495 0.0585938 0.230469 0.116211
1 0.720052 0.713623 0.151042 0.120605
1 0.794922 0.372314 0.0846354 0.0649414
1 0.377604 0.320557 0.102865 0.0717773
1 0.380534 0.384277 0.102214 0.0654297
1 0.719727 0.78125 0.146484 0.12793
1 0.46582 0.869629 0.35612 0.180664
1 0.466471 0.78833 0.357422 0.160645
1 0.457031 0.699707 0.367188 0.15625
1 0.415365 0.61084 0.346354 0.136719
1 0.989258 0.335938 0.0201823 0.0410156
1 0.22168 0.789307 0.132161 0.108887
3 0.849935 0.00708008 0.0410156 0.0141602
1 0.776367 0.630615 0.0332031 0.0698242
1 0.99056 0.291016 0.0175781 0.0517578
3 0.939779 0.0078125 0.046224 0.015625
3 0.820964 0.0708008 0.0429688 0.0419922
3 0.852214 0.0195312 0.046875 0.0351562
10 0.207682 0.52832 0.0325521 0.0556641
1 0.988932 0.469727 0.0208333 0.0449219
3 0.858724 0.0422363 0.0638021 0.034668
1 0.668945 0.289795 0.158203 0.0893555
1 0.72819 0.0976562 0.0735677 0.0439453
3 0.99056 0.0793457 0.0175781 0.0307617
3 0.977865 0.0112305 0.0429688 0.0224609
1 0.180339 0.697998 0.201823 0.112793
1 0.72819 0.124512 0.0735677 0.0458984
1 0.941406 0.473633 0.0859375 0.0488281
3 0.989909 0.105713 0.0188802 0.0288086
1 0.946289 0.560547 0.0996094 0.0742188
1 0.766602 0.632324 0.261068 0.128906
1 0.609375 0.144775 0.046875 0.0473633
3 0.988607 0.136475 0.0214844 0.0512695
1 0.866862 0.258057 0.0644531 0.065918
3 0.845378 0.0688477 0.0917969 0.0439453
1 0.586914 0.293213 0.320964 0.0991211
1 0.637695 0.0568848 0.116536 0.101074
1 0.0869141 0.831055 0.149089 0.118164
3 0.988607 0.24707 0.0214844 0.0351562
1 0.960286 0.293213 0.0442708 0.0483398
1 0.513997 0.443848 0.147786 0.0693359
1 0.945638 0.496826 0.0983073 0.0981445
1 0.66862 0.44165 0.169271 0.074707
1 0.732422 0.0200195 0.0807292 0.0400391
3 0.846029 0.0974121 0.0917969 0.0805664
1 0.506185 0.302246 0.159505 0.0810547
1 0.658529 0.210938 0.185547 0.102539
1 0.868164 0.30249 0.0605469 0.0317383
1 0.414388 0.505859 0.0579427 0.0595703
3 0.908854 0.119385 0.0455729 0.0317383
1 0.637695 0.117676 0.103516 0.0673828
1 0.938802 0.256104 0.0794271 0.0454102
1 0.514323 0.511963 0.145833 0.0629883
3 0.98763 0.18335 0.0234375 0.0561523
1 0.922526 0.677979 0.0572917 0.0610352
3 0.988281 0.218506 0.0221354 0.0307617
3 0.872396 0.0307617 0.0885417 0.0576172
1 0.637695 0.015625 0.113932 0.03125
1 0.794271 0.30542 0.0872396 0.074707
1 0.91862 0.716064 0.0533854 0.0415039
1 0.794596 0.2229 0.0839844 0.0473633
1 0.667318 0.366943 0.167969 0.0776367
1 0.94694 0.609619 0.0983073 0.0727539
1 0.869792 0.332275 0.0651042 0.0327148
3 0.938802 0.255371 0.0807292 0.0439453
1 0.710612 0.649658 0.13737 0.0981445
1 0.792969 0.256592 0.0846354 0.0444336
1 0.531576 0.924316 0.229818 0.150391
1 0.0768229 0.730957 0.152344 0.131836
3 0.955404 0.108643 0.0514323 0.0307617
3 0.959961 0.140137 0.0592448 0.0556641
1 0.871419 0.375977 0.0696615 0.0576172
3 0.939779 0.0183105 0.046224 0.0356445
1 0.160807 0.606201 0.223958 0.106934
1 0.844727 0.610596 0.104818 0.0854492
1 0.508789 0.373779 0.158203 0.0737305
3 0.959961 0.1875 0.0644531 0.0566406
1 0.958984 0.378906 0.0755208 0.0488281
1 0.435872 0.158936 0.291016 0.156738
3 0.907552 0.0883789 0.0429688 0.0478516
1 0.865234 0.493408 0.0638021 0.059082
1 0.730469 0.0549316 0.0768229 0.0766602
1 0.498698 0.229004 0.148438 0.0986328
1 0.669596 0.513428 0.167318 0.0786133
1 0.844401 0.665039 0.101562 0.0917969
3 0.937174 0.224365 0.0813802 0.034668
1 0.871094 0.434326 0.0703125 0.0571289
1 0.826172 0.558105 0.138021 0.0839844
1 0.79362 0.502197 0.0833333 0.0698242
1 0.72168 0.845215 0.147786 0.139648
1 0.374674 0.256104 0.103516 0.0844727
1 0.950521 0.427002 0.0924479 0.0473633
1 0.84082 0.775391 0.0970052 0.0957031
1 0.841797 0.720459 0.10026 0.0952148
1 0.271159 0.519531 0.23763 0.0791016
1 0.0602214 0.623291 0.120443 0.130371
1 0.674154 0.584717 0.172526 0.0864258
1 0.794596 0.437744 0.0839844 0.0649414
1 0.388346 0.445557 0.107422 0.0600586
1 0.465495 0.0585938 0.230469 0.116211
1 0.720052 0.713623 0.151042 0.120605
1 0.794922 0.372314 0.0846354 0.0649414
1 0.377604 0.320557 0.102865 0.0717773
1 0.380534 0.384277 0.102214 0.0654297
1 0.719727 0.78125 0.146484 0.12793
1 0.46582 0.869629 0.35612 0.180664
1 0.466471 0.78833 0.357422 0.160645
1 0.457031 0.699707 0.367188 0.15625
1 0.415365 0.61084 0.346354 0.136719
