1 0.478241 0.710628 0.0342593 0.0164251
1 0.481019 0.669565 0.0342593 0.0115942
1 0.57963 0.737681 0.0277778 0.0164251
1 0.565278 0.592754 0.025 0.0144928
1 0.608333 0.658454 0.0259259 0.0202899
1 0.609259 0.642029 0.0259259 0.0164251
1 0.564352 0.597585 0.0231481 0.0144928
1 0.519444 0.594203 0.0351852 0.0154589
1 0.482407 0.616908 0.037037 0.0144928
1 0.580556 0.724155 0.0277778 0.0164251
10 0.419907 0.642512 0.0324074 0.0637681
0 0.922222 0.352174 0.155556 0.120773
1 0.606019 0.754106 0.025 0.0183575
1 0.515278 0.725121 0.0287037 0.0164251
1 0.562963 0.61256 0.0222222 0.0115942
8 0.0236111 0.71256 0.0472222 0.0647343
1 0.549074 0.677295 0.037037 0.0154589
1 0.548611 0.73285 0.0361111 0.0183575
1 0.55 0.661353 0.037037 0.0164251
1 0.55 0.670531 0.037037 0.0154589
1 0.551852 0.637198 0.037037 0.0164251
1 0.518519 0.607246 0.0351852 0.0164251
1 0.550463 0.648792 0.0361111 0.0164251
1 0.549074 0.689855 0.037037 0.0154589
1 0.5125 0.701449 0.0361111 0.0154589
1 0.512963 0.71256 0.0333333 0.0144928
1 0.580556 0.707246 0.0277778 0.0173913
1 0.552778 0.624638 0.037037 0.0144928
1 0.548611 0.704348 0.037963 0.0154589
1 0.606019 0.740097 0.025 0.0173913
6 0.419444 0.642029 0.0333333 0.0647343
1 0.517593 0.621256 0.0351852 0.0173913
1 0.5125 0.68744 0.0361111 0.0202899
1 0.548148 0.717391 0.037037 0.0164251
1 0.51713 0.634783 0.0342593 0.0154589
1 0.513426 0.672464 0.0342593 0.0173913
1 0.516204 0.647826 0.0342593 0.0144928
1 0.606019 0.724638 0.025 0.0173913
1 0.514815 0.658937 0.0333333 0.0154589
1 0.583796 0.626087 0.0268519 0.0154589
1 0.581481 0.670048 0.0277778 0.0183575
1 0.581481 0.688406 0.0277778 0.0222222
1 0.583333 0.64058 0.0277778 0.0154589
1 0.582407 0.654106 0.0277778 0.0173913
1 0.478704 0.693237 0.0333333 0.0183575
7 0.222685 0.697585 0.10463 0.241546
8 0.848611 0.638647 0.115741 0.467633
1 0.480093 0.678261 0.0324074 0.0193237
1 0.740741 0.62029 0.0666667 0.0193237
1 0.740278 0.635266 0.0675926 0.0183575
1 0.743519 0.552657 0.0648148 0.0193237
1 0.483333 0.631884 0.0333333 0.0173913
1 0.481481 0.662319 0.0333333 0.0183575
1 0.741667 0.602899 0.0666667 0.0193237
1 0.737037 0.670048 0.0666667 0.0202899
1 0.735648 0.68744 0.0675926 0.0222222
1 0.738889 0.653623 0.0666667 0.0202899
1 0.743519 0.535266 0.062963 0.021256
1 0.743056 0.569565 0.0657407 0.0183575
1 0.742593 0.586957 0.0666667 0.0183575
1 0.482407 0.64686 0.0333333 0.0183575
8 0.403241 0.583575 0.136111 0.270531
0 0.901852 0.169565 0.194444 0.228986
0 0.440278 0.18599 0.273148 0.223188
7 0.322222 0.688889 0.103704 0.415459
0 0.175463 0.248309 0.273148 0.193237
1 0.478241 0.710628 0.0342593 0.0164251
1 0.481019 0.669565 0.0342593 0.0115942
1 0.57963 0.737681 0.0277778 0.0164251
1 0.565278 0.592754 0.025 0.0144928
1 0.608333 0.658454 0.0259259 0.0202899
1 0.609259 0.642029 0.0259259 0.0164251
1 0.564352 0.597585 0.0231481 0.0144928
1 0.519444 0.594203 0.0351852 0.0154589
1 0.482407 0.616908 0.037037 0.0144928
1 0.580556 0.724155 0.0277778 0.0164251
10 0.419907 0.642512 0.0324074 0.0637681
0 0.922222 0.352174 0.155556 0.120773
1 0.606019 0.754106 0.025 0.0183575
1 0.515278 0.725121 0.0287037 0.0164251
1 0.562963 0.61256 0.0222222 0.0115942
8 0.0236111 0.71256 0.0472222 0.0647343
1 0.549074 0.677295 0.037037 0.0154589
1 0.548611 0.73285 0.0361111 0.0183575
1 0.55 0.661353 0.037037 0.0164251
1 0.55 0.670531 0.037037 0.0154589
1 0.551852 0.637198 0.037037 0.0164251
1 0.518519 0.607246 0.0351852 0.0164251
1 0.550463 0.648792 0.0361111 0.0164251
1 0.549074 0.689855 0.037037 0.0154589
1 0.5125 0.701449 0.0361111 0.0154589
1 0.512963 0.71256 0.0333333 0.0144928
1 0.580556 0.707246 0.0277778 0.0173913
1 0.552778 0.624638 0.037037 0.0144928
1 0.548611 0.704348 0.037963 0.0154589
1 0.606019 0.740097 0.025 0.0173913
6 0.419444 0.642029 0.0333333 0.0647343
1 0.517593 0.621256 0.0351852 0.0173913
1 0.5125 0.68744 0.0361111 0.0202899
1 0.548148 0.717391 0.037037 0.0164251
1 0.51713 0.634783 0.0342593 0.0154589
1 0.513426 0.672464 0.0342593 0.0173913
1 0.516204 0.647826 0.0342593 0.0144928
1 0.606019 0.724638 0.025 0.0173913
1 0.514815 0.658937 0.0333333 0.0154589
1 0.583796 0.626087 0.0268519 0.0154589
1 0.581481 0.670048 0.0277778 0.0183575
1 0.581481 0.688406 0.0277778 0.0222222
1 0.583333 0.64058 0.0277778 0.0154589
1 0.582407 0.654106 0.0277778 0.0173913
1 0.478704 0.693237 0.0333333 0.0183575
7 0.222685 0.697585 0.10463 0.241546
8 0.848611 0.638647 0.115741 0.467633
1 0.480093 0.678261 0.0324074 0.0193237
1 0.740741 0.62029 0.0666667 0.0193237
1 0.740278 0.635266 0.0675926 0.0183575
1 0.743519 0.552657 0.0648148 0.0193237
1 0.483333 0.631884 0.0333333 0.0173913
1 0.481481 0.662319 0.0333333 0.0183575
1 0.741667 0.602899 0.0666667 0.0193237
1 0.737037 0.670048 0.0666667 0.0202899
1 0.735648 0.68744 0.0675926 0.0222222
1 0.738889 0.653623 0.0666667 0.0202899
1 0.743519 0.535266 0.062963 0.021256
1 0.743056 0.569565 0.0657407 0.0183575
1 0.742593 0.586957 0.0666667 0.0183575
1 0.482407 0.64686 0.0333333 0.0183575
8 0.403241 0.583575 0.136111 0.270531
0 0.901852 0.169565 0.194444 0.228986
0 0.440278 0.18599 0.273148 0.223188
7 0.322222 0.688889 0.103704 0.415459
0 0.175463 0.248309 0.273148 0.193237
1 0.478241 0.710628 0.0342593 0.0164251
1 0.481019 0.669565 0.0342593 0.0115942
1 0.57963 0.737681 0.0277778 0.0164251
1 0.565278 0.592754 0.025 0.0144928
1 0.608333 0.658454 0.0259259 0.0202899
1 0.609259 0.642029 0.0259259 0.0164251
1 0.564352 0.597585 0.0231481 0.0144928
1 0.519444 0.594203 0.0351852 0.0154589
1 0.482407 0.616908 0.037037 0.0144928
1 0.580556 0.724155 0.0277778 0.0164251
10 0.419907 0.642512 0.0324074 0.0637681
0 0.922222 0.352174 0.155556 0.120773
1 0.606019 0.754106 0.025 0.0183575
1 0.515278 0.725121 0.0287037 0.0164251
1 0.562963 0.61256 0.0222222 0.0115942
8 0.0236111 0.71256 0.0472222 0.0647343
1 0.549074 0.677295 0.037037 0.0154589
1 0.548611 0.73285 0.0361111 0.0183575
1 0.55 0.661353 0.037037 0.0164251
1 0.55 0.670531 0.037037 0.0154589
1 0.551852 0.637198 0.037037 0.0164251
1 0.518519 0.607246 0.0351852 0.0164251
1 0.550463 0.648792 0.0361111 0.0164251
1 0.549074 0.689855 0.037037 0.0154589
1 0.5125 0.701449 0.0361111 0.0154589
1 0.512963 0.71256 0.0333333 0.0144928
1 0.580556 0.707246 0.0277778 0.0173913
1 0.552778 0.624638 0.037037 0.0144928
1 0.548611 0.704348 0.037963 0.0154589
1 0.606019 0.740097 0.025 0.0173913
6 0.419444 0.642029 0.0333333 0.0647343
1 0.517593 0.621256 0.0351852 0.0173913
1 0.5125 0.68744 0.0361111 0.0202899
1 0.548148 0.717391 0.037037 0.0164251
1 0.51713 0.634783 0.0342593 0.0154589
1 0.513426 0.672464 0.0342593 0.0173913
1 0.516204 0.647826 0.0342593 0.0144928
1 0.606019 0.724638 0.025 0.0173913
1 0.514815 0.658937 0.0333333 0.0154589
1 0.583796 0.626087 0.0268519 0.0154589
1 0.581481 0.670048 0.0277778 0.0183575
1 0.581481 0.688406 0.0277778 0.0222222
1 0.583333 0.64058 0.0277778 0.0154589
1 0.582407 0.654106 0.0277778 0.0173913
1 0.478704 0.693237 0.0333333 0.0183575
7 0.222685 0.697585 0.10463 0.241546
8 0.848611 0.638647 0.115741 0.467633
1 0.480093 0.678261 0.0324074 0.0193237
1 0.740741 0.62029 0.0666667 0.0193237
1 0.740278 0.635266 0.0675926 0.0183575
1 0.743519 0.552657 0.0648148 0.0193237
1 0.483333 0.631884 0.0333333 0.0173913
1 0.481481 0.662319 0.0333333 0.0183575
1 0.741667 0.602899 0.0666667 0.0193237
1 0.737037 0.670048 0.0666667 0.0202899
1 0.735648 0.68744 0.0675926 0.0222222
1 0.738889 0.653623 0.0666667 0.0202899
1 0.743519 0.535266 0.062963 0.021256
1 0.743056 0.569565 0.0657407 0.0183575
1 0.742593 0.586957 0.0666667 0.0183575
1 0.482407 0.64686 0.0333333 0.0183575
8 0.403241 0.583575 0.136111 0.270531
0 0.901852 0.169565 0.194444 0.228986
0 0.440278 0.18599 0.273148 0.223188
7 0.322222 0.688889 0.103704 0.415459
0 0.175463 0.248309 0.273148 0.193237
1 0.478241 0.710628 0.0342593 0.0164251
1 0.481019 0.669565 0.0342593 0.0115942
1 0.57963 0.737681 0.0277778 0.0164251
1 0.565278 0.592754 0.025 0.0144928
1 0.608333 0.658454 0.0259259 0.0202899
1 0.609259 0.642029 0.0259259 0.0164251
1 0.564352 0.597585 0.0231481 0.0144928
1 0.519444 0.594203 0.0351852 0.0154589
1 0.482407 0.616908 0.037037 0.0144928
1 0.580556 0.724155 0.0277778 0.0164251
10 0.419907 0.642512 0.0324074 0.0637681
0 0.922222 0.352174 0.155556 0.120773
1 0.606019 0.754106 0.025 0.0183575
1 0.515278 0.725121 0.0287037 0.0164251
1 0.562963 0.61256 0.0222222 0.0115942
8 0.0236111 0.71256 0.0472222 0.0647343
1 0.549074 0.677295 0.037037 0.0154589
1 0.548611 0.73285 0.0361111 0.0183575
1 0.55 0.661353 0.037037 0.0164251
1 0.55 0.670531 0.037037 0.0154589
1 0.551852 0.637198 0.037037 0.0164251
1 0.518519 0.607246 0.0351852 0.0164251
1 0.550463 0.648792 0.0361111 0.0164251
1 0.549074 0.689855 0.037037 0.0154589
1 0.5125 0.701449 0.0361111 0.0154589
1 0.512963 0.71256 0.0333333 0.0144928
1 0.580556 0.707246 0.0277778 0.0173913
1 0.552778 0.624638 0.037037 0.0144928
1 0.548611 0.704348 0.037963 0.0154589
1 0.606019 0.740097 0.025 0.0173913
6 0.419444 0.642029 0.0333333 0.0647343
1 0.517593 0.621256 0.0351852 0.0173913
1 0.5125 0.68744 0.0361111 0.0202899
1 0.548148 0.717391 0.037037 0.0164251
1 0.51713 0.634783 0.0342593 0.0154589
1 0.513426 0.672464 0.0342593 0.0173913
1 0.516204 0.647826 0.0342593 0.0144928
1 0.606019 0.724638 0.025 0.0173913
1 0.514815 0.658937 0.0333333 0.0154589
1 0.583796 0.626087 0.0268519 0.0154589
1 0.581481 0.670048 0.0277778 0.0183575
1 0.581481 0.688406 0.0277778 0.0222222
1 0.583333 0.64058 0.0277778 0.0154589
1 0.582407 0.654106 0.0277778 0.0173913
1 0.478704 0.693237 0.0333333 0.0183575
7 0.222685 0.697585 0.10463 0.241546
8 0.848611 0.638647 0.115741 0.467633
1 0.480093 0.678261 0.0324074 0.0193237
1 0.740741 0.62029 0.0666667 0.0193237
1 0.740278 0.635266 0.0675926 0.0183575
1 0.743519 0.552657 0.0648148 0.0193237
1 0.483333 0.631884 0.0333333 0.0173913
1 0.481481 0.662319 0.0333333 0.0183575
1 0.741667 0.602899 0.0666667 0.0193237
1 0.737037 0.670048 0.0666667 0.0202899
1 0.735648 0.68744 0.0675926 0.0222222
1 0.738889 0.653623 0.0666667 0.0202899
1 0.743519 0.535266 0.062963 0.021256
1 0.743056 0.569565 0.0657407 0.0183575
1 0.742593 0.586957 0.0666667 0.0183575
1 0.482407 0.64686 0.0333333 0.0183575
8 0.403241 0.583575 0.136111 0.270531
0 0.901852 0.169565 0.194444 0.228986
0 0.440278 0.18599 0.273148 0.223188
7 0.322222 0.688889 0.103704 0.415459
0 0.175463 0.248309 0.273148 0.193237
