4 0.708659 0.0917969 0.0240885 0.0214844
4 0.489583 0.534912 0.0208333 0.0131836
4 0.561523 0.323486 0.0240885 0.0151367
4 0.75 0.760742 0.0169271 0.0351562
4 0.820964 0.419189 0.0169271 0.0219727
4 0.734375 0.353027 0.0234375 0.0244141
4 0.831055 0.664795 0.0540365 0.0522461
4 0.420573 0.430176 0.0273438 0.0214844
4 0.754883 0.0668945 0.0279948 0.046875
4 0.565755 0.396484 0.0247396 0.015625
1 0.605469 0.107178 0.0390625 0.0336914
4 0.714518 0.0654297 0.0332031 0.03125
4 0.735352 0.451172 0.030599 0.0175781
4 0.81901 0.450928 0.0182292 0.0200195
4 0.892253 0.389404 0.0201823 0.0170898
4 0.641602 0.059082 0.0214844 0.0361328
4 0.820638 0.480225 0.016276 0.0209961
1 0.404948 0.62793 0.0182292 0.0537109
4 0.819336 0.323242 0.016276 0.0175781
4 0.419922 0.516113 0.0377604 0.0214844
4 0.420898 0.492676 0.030599 0.0253906
0 0.958659 0.390381 0.0657552 0.0209961
0 0.943685 0.365723 0.0410156 0.0224609
4 0.413411 0.366699 0.0234375 0.0224609
4 0.713216 0.0385742 0.0332031 0.0283203
1 0.222331 0.589355 0.0345052 0.0166016
4 0.732747 0.384033 0.0253906 0.0219727
4 0.736654 0.421631 0.0214844 0.0249023
4 0.650391 0.128906 0.0221354 0.0263672
1 0.253255 0.676025 0.0390625 0.0229492
0 0.973958 0.437988 0.0364583 0.0185547
0 0.94694 0.249512 0.0410156 0.0166016
4 0.710612 0.179932 0.0397135 0.0229492
4 0.733724 0.52124 0.0286458 0.0209961
1 0.208984 0.527588 0.0351562 0.0522461
4 0.601562 0.00732422 0.0377604 0.0146484
4 0.817708 0.510498 0.0221354 0.0209961
4 0.405273 0.235352 0.0332031 0.0283203
4 0.751302 0.629639 0.0182292 0.027832
4 0.75293 0.691162 0.0201823 0.0297852
4 0.756836 0.185791 0.0136719 0.0151367
1 0.381185 0.163818 0.0266927 0.0483398
4 0.71224 0.125244 0.0364583 0.0317383
4 0.722005 0.20752 0.0247396 0.0302734
0 0.944987 0.415771 0.0410156 0.0219727
4 0.724284 0.238281 0.0240885 0.0214844
4 0.419271 0.456787 0.0377604 0.0219727
1 0.455078 0.728027 0.0390625 0.0595703
4 0.749674 0.563965 0.0201823 0.0253906
4 0.760417 0.243408 0.0143229 0.0151367
4 0.729818 0.311768 0.0260417 0.0209961
4 0.817057 0.259766 0.0208333 0.0214844
4 0.409831 0.392578 0.0345052 0.0205078
4 0.610677 0.571533 0.0325521 0.0288086
4 0.713867 0.0141602 0.0358073 0.0283203
0 0.917643 0.299316 0.0266927 0.0214844
1 0.360026 0.820068 0.114583 0.0825195
4 0.549479 0.0390625 0.0325521 0.0449219
0 0.95638 0.516357 0.0598958 0.0375977
1 0.0292969 0.719238 0.0572917 0.0263672
4 0.402995 0.327881 0.0403646 0.0229492
0 0.955078 0.567383 0.0598958 0.0517578
4 0.401693 0.263184 0.0390625 0.0244141
4 0.819336 0.386719 0.0227865 0.0205078
4 0.610352 0.601318 0.0397135 0.0258789
4 0.648112 0.15918 0.0279948 0.0263672
4 0.730794 0.281738 0.0214844 0.0263672
1 0.579753 0.943115 0.139974 0.101074
1 0.358398 0.907471 0.132161 0.114746
0 0.958333 0.604492 0.0572917 0.0419922
4 0.712891 0.155273 0.0351562 0.0224609
4 0.483073 0.0471191 0.0585938 0.0336914
1 0.570964 0.788086 0.132812 0.0722656
0 0.954102 0.293213 0.0292969 0.0307617
4 0.572266 0.433838 0.0286458 0.0307617
1 0.572591 0.868896 0.134766 0.0864258
4 0.697917 0.649414 0.0833333 0.0566406
4 0.571615 0.505859 0.0286458 0.0292969
4 0.552734 0.121826 0.03125 0.0415039
4 0.562826 0.28418 0.031901 0.0341797
0 0.953776 0.4729 0.0507812 0.0463867
4 0.693034 0.577637 0.0891927 0.0537109
4 0.553711 0.210449 0.030599 0.0332031
4 0.501628 0.502441 0.102214 0.0400391
4 0.568359 0.359619 0.03125 0.0307617
4 0.495768 0.369629 0.103516 0.046875
0 0.953125 0.339355 0.0286458 0.0273438
4 0.482422 0.230957 0.104167 0.0585938
4 0.500651 0.434814 0.104167 0.0385742
4 0.490885 0.299072 0.104167 0.0522461
1 0.562174 0.709229 0.136068 0.065918
1 0.516602 0.624512 0.129557 0.0556641
1 0.311849 0.530029 0.128906 0.0356445
4 0.708659 0.0917969 0.0240885 0.0214844
4 0.489583 0.534912 0.0208333 0.0131836
4 0.561523 0.323486 0.0240885 0.0151367
4 0.75 0.760742 0.0169271 0.0351562
4 0.820964 0.419189 0.0169271 0.0219727
4 0.734375 0.353027 0.0234375 0.0244141
4 0.831055 0.664795 0.0540365 0.0522461
4 0.420573 0.430176 0.0273438 0.0214844
4 0.754883 0.0668945 0.0279948 0.046875
4 0.565755 0.396484 0.0247396 0.015625
1 0.605469 0.107178 0.0390625 0.0336914
4 0.714518 0.0654297 0.0332031 0.03125
4 0.735352 0.451172 0.030599 0.0175781
4 0.81901 0.450928 0.0182292 0.0200195
4 0.892253 0.389404 0.0201823 0.0170898
4 0.641602 0.059082 0.0214844 0.0361328
4 0.820638 0.480225 0.016276 0.0209961
1 0.404948 0.62793 0.0182292 0.0537109
4 0.819336 0.323242 0.016276 0.0175781
4 0.419922 0.516113 0.0377604 0.0214844
4 0.420898 0.492676 0.030599 0.0253906
0 0.958659 0.390381 0.0657552 0.0209961
0 0.943685 0.365723 0.0410156 0.0224609
4 0.413411 0.366699 0.0234375 0.0224609
4 0.713216 0.0385742 0.0332031 0.0283203
1 0.222331 0.589355 0.0345052 0.0166016
4 0.732747 0.384033 0.0253906 0.0219727
4 0.736654 0.421631 0.0214844 0.0249023
4 0.650391 0.128906 0.0221354 0.0263672
1 0.253255 0.676025 0.0390625 0.0229492
0 0.973958 0.437988 0.0364583 0.0185547
0 0.94694 0.249512 0.0410156 0.0166016
4 0.710612 0.179932 0.0397135 0.0229492
4 0.733724 0.52124 0.0286458 0.0209961
1 0.208984 0.527588 0.0351562 0.0522461
4 0.601562 0.00732422 0.0377604 0.0146484
4 0.817708 0.510498 0.0221354 0.0209961
4 0.405273 0.235352 0.0332031 0.0283203
4 0.751302 0.629639 0.0182292 0.027832
4 0.75293 0.691162 0.0201823 0.0297852
4 0.756836 0.185791 0.0136719 0.0151367
1 0.381185 0.163818 0.0266927 0.0483398
4 0.71224 0.125244 0.0364583 0.0317383
4 0.722005 0.20752 0.0247396 0.0302734
0 0.944987 0.415771 0.0410156 0.0219727
4 0.724284 0.238281 0.0240885 0.0214844
4 0.419271 0.456787 0.0377604 0.0219727
1 0.455078 0.728027 0.0390625 0.0595703
4 0.749674 0.563965 0.0201823 0.0253906
4 0.760417 0.243408 0.0143229 0.0151367
4 0.729818 0.311768 0.0260417 0.0209961
4 0.817057 0.259766 0.0208333 0.0214844
4 0.409831 0.392578 0.0345052 0.0205078
4 0.610677 0.571533 0.0325521 0.0288086
4 0.713867 0.0141602 0.0358073 0.0283203
0 0.917643 0.299316 0.0266927 0.0214844
1 0.360026 0.820068 0.114583 0.0825195
4 0.549479 0.0390625 0.0325521 0.0449219
0 0.95638 0.516357 0.0598958 0.0375977
1 0.0292969 0.719238 0.0572917 0.0263672
4 0.402995 0.327881 0.0403646 0.0229492
0 0.955078 0.567383 0.0598958 0.0517578
4 0.401693 0.263184 0.0390625 0.0244141
4 0.819336 0.386719 0.0227865 0.0205078
4 0.610352 0.601318 0.0397135 0.0258789
4 0.648112 0.15918 0.0279948 0.0263672
4 0.730794 0.281738 0.0214844 0.0263672
1 0.579753 0.943115 0.139974 0.101074
1 0.358398 0.907471 0.132161 0.114746
0 0.958333 0.604492 0.0572917 0.0419922
4 0.712891 0.155273 0.0351562 0.0224609
4 0.483073 0.0471191 0.0585938 0.0336914
1 0.570964 0.788086 0.132812 0.0722656
0 0.954102 0.293213 0.0292969 0.0307617
4 0.572266 0.433838 0.0286458 0.0307617
1 0.572591 0.868896 0.134766 0.0864258
4 0.697917 0.649414 0.0833333 0.0566406
4 0.571615 0.505859 0.0286458 0.0292969
4 0.552734 0.121826 0.03125 0.0415039
4 0.562826 0.28418 0.031901 0.0341797
0 0.953776 0.4729 0.0507812 0.0463867
4 0.693034 0.577637 0.0891927 0.0537109
4 0.553711 0.210449 0.030599 0.0332031
4 0.501628 0.502441 0.102214 0.0400391
4 0.568359 0.359619 0.03125 0.0307617
4 0.495768 0.369629 0.103516 0.046875
0 0.953125 0.339355 0.0286458 0.0273438
4 0.482422 0.230957 0.104167 0.0585938
4 0.500651 0.434814 0.104167 0.0385742
4 0.490885 0.299072 0.104167 0.0522461
1 0.562174 0.709229 0.136068 0.065918
1 0.516602 0.624512 0.129557 0.0556641
1 0.311849 0.530029 0.128906 0.0356445
4 0.708659 0.0917969 0.0240885 0.0214844
4 0.489583 0.534912 0.0208333 0.0131836
4 0.561523 0.323486 0.0240885 0.0151367
4 0.75 0.760742 0.0169271 0.0351562
4 0.820964 0.419189 0.0169271 0.0219727
4 0.734375 0.353027 0.0234375 0.0244141
4 0.831055 0.664795 0.0540365 0.0522461
4 0.420573 0.430176 0.0273438 0.0214844
4 0.754883 0.0668945 0.0279948 0.046875
4 0.565755 0.396484 0.0247396 0.015625
1 0.605469 0.107178 0.0390625 0.0336914
4 0.714518 0.0654297 0.0332031 0.03125
4 0.735352 0.451172 0.030599 0.0175781
4 0.81901 0.450928 0.0182292 0.0200195
4 0.892253 0.389404 0.0201823 0.0170898
4 0.641602 0.059082 0.0214844 0.0361328
4 0.820638 0.480225 0.016276 0.0209961
1 0.404948 0.62793 0.0182292 0.0537109
4 0.819336 0.323242 0.016276 0.0175781
4 0.419922 0.516113 0.0377604 0.0214844
4 0.420898 0.492676 0.030599 0.0253906
0 0.958659 0.390381 0.0657552 0.0209961
0 0.943685 0.365723 0.0410156 0.0224609
4 0.413411 0.366699 0.0234375 0.0224609
4 0.713216 0.0385742 0.0332031 0.0283203
1 0.222331 0.589355 0.0345052 0.0166016
4 0.732747 0.384033 0.0253906 0.0219727
4 0.736654 0.421631 0.0214844 0.0249023
4 0.650391 0.128906 0.0221354 0.0263672
1 0.253255 0.676025 0.0390625 0.0229492
0 0.973958 0.437988 0.0364583 0.0185547
0 0.94694 0.249512 0.0410156 0.0166016
4 0.710612 0.179932 0.0397135 0.0229492
4 0.733724 0.52124 0.0286458 0.0209961
1 0.208984 0.527588 0.0351562 0.0522461
4 0.601562 0.00732422 0.0377604 0.0146484
4 0.817708 0.510498 0.0221354 0.0209961
4 0.405273 0.235352 0.0332031 0.0283203
4 0.751302 0.629639 0.0182292 0.027832
4 0.75293 0.691162 0.0201823 0.0297852
4 0.756836 0.185791 0.0136719 0.0151367
1 0.381185 0.163818 0.0266927 0.0483398
4 0.71224 0.125244 0.0364583 0.0317383
4 0.722005 0.20752 0.0247396 0.0302734
0 0.944987 0.415771 0.0410156 0.0219727
4 0.724284 0.238281 0.0240885 0.0214844
4 0.419271 0.456787 0.0377604 0.0219727
1 0.455078 0.728027 0.0390625 0.0595703
4 0.749674 0.563965 0.0201823 0.0253906
4 0.760417 0.243408 0.0143229 0.0151367
4 0.729818 0.311768 0.0260417 0.0209961
4 0.817057 0.259766 0.0208333 0.0214844
4 0.409831 0.392578 0.0345052 0.0205078
4 0.610677 0.571533 0.0325521 0.0288086
4 0.713867 0.0141602 0.0358073 0.0283203
0 0.917643 0.299316 0.0266927 0.0214844
1 0.360026 0.820068 0.114583 0.0825195
4 0.549479 0.0390625 0.0325521 0.0449219
0 0.95638 0.516357 0.0598958 0.0375977
1 0.0292969 0.719238 0.0572917 0.0263672
4 0.402995 0.327881 0.0403646 0.0229492
0 0.955078 0.567383 0.0598958 0.0517578
4 0.401693 0.263184 0.0390625 0.0244141
4 0.819336 0.386719 0.0227865 0.0205078
4 0.610352 0.601318 0.0397135 0.0258789
4 0.648112 0.15918 0.0279948 0.0263672
4 0.730794 0.281738 0.0214844 0.0263672
1 0.579753 0.943115 0.139974 0.101074
1 0.358398 0.907471 0.132161 0.114746
0 0.958333 0.604492 0.0572917 0.0419922
4 0.712891 0.155273 0.0351562 0.0224609
4 0.483073 0.0471191 0.0585938 0.0336914
1 0.570964 0.788086 0.132812 0.0722656
0 0.954102 0.293213 0.0292969 0.0307617
4 0.572266 0.433838 0.0286458 0.0307617
1 0.572591 0.868896 0.134766 0.0864258
4 0.697917 0.649414 0.0833333 0.0566406
4 0.571615 0.505859 0.0286458 0.0292969
4 0.552734 0.121826 0.03125 0.0415039
4 0.562826 0.28418 0.031901 0.0341797
0 0.953776 0.4729 0.0507812 0.0463867
4 0.693034 0.577637 0.0891927 0.0537109
4 0.553711 0.210449 0.030599 0.0332031
4 0.501628 0.502441 0.102214 0.0400391
4 0.568359 0.359619 0.03125 0.0307617
4 0.495768 0.369629 0.103516 0.046875
0 0.953125 0.339355 0.0286458 0.0273438
4 0.482422 0.230957 0.104167 0.0585938
4 0.500651 0.434814 0.104167 0.0385742
4 0.490885 0.299072 0.104167 0.0522461
1 0.562174 0.709229 0.136068 0.065918
1 0.516602 0.624512 0.129557 0.0556641
1 0.311849 0.530029 0.128906 0.0356445
4 0.708659 0.0917969 0.0240885 0.0214844
4 0.489583 0.534912 0.0208333 0.0131836
4 0.561523 0.323486 0.0240885 0.0151367
4 0.75 0.760742 0.0169271 0.0351562
4 0.820964 0.419189 0.0169271 0.0219727
4 0.734375 0.353027 0.0234375 0.0244141
4 0.831055 0.664795 0.0540365 0.0522461
4 0.420573 0.430176 0.0273438 0.0214844
4 0.754883 0.0668945 0.0279948 0.046875
4 0.565755 0.396484 0.0247396 0.015625
1 0.605469 0.107178 0.0390625 0.0336914
4 0.714518 0.0654297 0.0332031 0.03125
4 0.735352 0.451172 0.030599 0.0175781
4 0.81901 0.450928 0.0182292 0.0200195
4 0.892253 0.389404 0.0201823 0.0170898
4 0.641602 0.059082 0.0214844 0.0361328
4 0.820638 0.480225 0.016276 0.0209961
1 0.404948 0.62793 0.0182292 0.0537109
4 0.819336 0.323242 0.016276 0.0175781
4 0.419922 0.516113 0.0377604 0.0214844
4 0.420898 0.492676 0.030599 0.0253906
0 0.958659 0.390381 0.0657552 0.0209961
0 0.943685 0.365723 0.0410156 0.0224609
4 0.413411 0.366699 0.0234375 0.0224609
4 0.713216 0.0385742 0.0332031 0.0283203
1 0.222331 0.589355 0.0345052 0.0166016
4 0.732747 0.384033 0.0253906 0.0219727
4 0.736654 0.421631 0.0214844 0.0249023
4 0.650391 0.128906 0.0221354 0.0263672
1 0.253255 0.676025 0.0390625 0.0229492
0 0.973958 0.437988 0.0364583 0.0185547
0 0.94694 0.249512 0.0410156 0.0166016
4 0.710612 0.179932 0.0397135 0.0229492
4 0.733724 0.52124 0.0286458 0.0209961
1 0.208984 0.527588 0.0351562 0.0522461
4 0.601562 0.00732422 0.0377604 0.0146484
4 0.817708 0.510498 0.0221354 0.0209961
4 0.405273 0.235352 0.0332031 0.0283203
4 0.751302 0.629639 0.0182292 0.027832
4 0.75293 0.691162 0.0201823 0.0297852
4 0.756836 0.185791 0.0136719 0.0151367
1 0.381185 0.163818 0.0266927 0.0483398
4 0.71224 0.125244 0.0364583 0.0317383
4 0.722005 0.20752 0.0247396 0.0302734
0 0.944987 0.415771 0.0410156 0.0219727
4 0.724284 0.238281 0.0240885 0.0214844
4 0.419271 0.456787 0.0377604 0.0219727
1 0.455078 0.728027 0.0390625 0.0595703
4 0.749674 0.563965 0.0201823 0.0253906
4 0.760417 0.243408 0.0143229 0.0151367
4 0.729818 0.311768 0.0260417 0.0209961
4 0.817057 0.259766 0.0208333 0.0214844
4 0.409831 0.392578 0.0345052 0.0205078
4 0.610677 0.571533 0.0325521 0.0288086
4 0.713867 0.0141602 0.0358073 0.0283203
0 0.917643 0.299316 0.0266927 0.0214844
1 0.360026 0.820068 0.114583 0.0825195
4 0.549479 0.0390625 0.0325521 0.0449219
0 0.95638 0.516357 0.0598958 0.0375977
1 0.0292969 0.719238 0.0572917 0.0263672
4 0.402995 0.327881 0.0403646 0.0229492
0 0.955078 0.567383 0.0598958 0.0517578
4 0.401693 0.263184 0.0390625 0.0244141
4 0.819336 0.386719 0.0227865 0.0205078
4 0.610352 0.601318 0.0397135 0.0258789
4 0.648112 0.15918 0.0279948 0.0263672
4 0.730794 0.281738 0.0214844 0.0263672
1 0.579753 0.943115 0.139974 0.101074
1 0.358398 0.907471 0.132161 0.114746
0 0.958333 0.604492 0.0572917 0.0419922
4 0.712891 0.155273 0.0351562 0.0224609
4 0.483073 0.0471191 0.0585938 0.0336914
1 0.570964 0.788086 0.132812 0.0722656
0 0.954102 0.293213 0.0292969 0.0307617
4 0.572266 0.433838 0.0286458 0.0307617
1 0.572591 0.868896 0.134766 0.0864258
4 0.697917 0.649414 0.0833333 0.0566406
4 0.571615 0.505859 0.0286458 0.0292969
4 0.552734 0.121826 0.03125 0.0415039
4 0.562826 0.28418 0.031901 0.0341797
0 0.953776 0.4729 0.0507812 0.0463867
4 0.693034 0.577637 0.0891927 0.0537109
4 0.553711 0.210449 0.030599 0.0332031
4 0.501628 0.502441 0.102214 0.0400391
4 0.568359 0.359619 0.03125 0.0307617
4 0.495768 0.369629 0.103516 0.046875
0 0.953125 0.339355 0.0286458 0.0273438
4 0.482422 0.230957 0.104167 0.0585938
4 0.500651 0.434814 0.104167 0.0385742
4 0.490885 0.299072 0.104167 0.0522461
1 0.562174 0.709229 0.136068 0.065918
1 0.516602 0.624512 0.129557 0.0556641
1 0.311849 0.530029 0.128906 0.0356445
