4 0.489844 0.654688 0.0109375 0.021875
4 0.573438 0.628125 0.0171875 0.0145833
4 0.490625 0.61875 0.0109375 0.0208333
5 0.718359 0.420833 0.00859375 0.0145833
4 0.63125 0.422396 0.0109375 0.009375
4 0.422656 0.758854 0.009375 0.0135417
4 0.63125 0.409896 0.0109375 0.0114583
4 0.613281 0.625 0.01875 0.0145833
4 0.417969 0.641667 0.00625 0.0166667
4 0.41875 0.582292 0.0078125 0.01875
4 0.416406 0.465104 0.0109375 0.0177083
4 0.592578 0.654167 0.0117188 0.0166667
4 0.417188 0.49375 0.0078125 0.01875
5 0.71875 0.410937 0.009375 0.0177083
4 0.487891 0.846875 0.0101562 0.0166667
4 0.491016 0.584375 0.0101562 0.0208333
1 0.531641 0.65 0.0554687 0.0145833
4 0.461719 0.65625 0.03125 0.0208333
0 0.303125 0.515625 0.0328125 0.0333333
5 0.703125 0.357812 0.0109375 0.021875
4 0.462891 0.721875 0.0242187 0.01875
4 0.460156 0.803646 0.03125 0.0197917
1 0.529688 0.765104 0.0578125 0.015625
4 0.490234 0.765625 0.0101562 0.01875
4 0.489453 0.692708 0.0117188 0.0270833
4 0.464844 0.579687 0.0265625 0.015625
4 0.416016 0.524479 0.00859375 0.0177083
4 0.490625 0.475 0.0109375 0.0208333
5 0.687891 0.414583 0.0101562 0.0166667
1 0.508203 0.46875 0.0117188 0.025
4 0.490234 0.728646 0.0101562 0.021875
0 0.711328 0.782812 0.0210938 0.021875
4 0.460938 0.689583 0.028125 0.0208333
4 0.422656 0.791667 0.009375 0.01875
4 0.464063 0.614583 0.0265625 0.01875
4 0.592188 0.622396 0.0140625 0.015625
0 0.314453 0.798437 0.0257812 0.0177083
5 0.660547 0.414062 0.0101562 0.015625
4 0.462109 0.838021 0.0304688 0.0177083
4 0.465234 0.470313 0.0289063 0.021875
4 0.465234 0.507292 0.0273438 0.0229167
4 0.465625 0.542188 0.0265625 0.0197917
4 0.463281 0.760938 0.0265625 0.0177083
4 0.374609 0.732292 0.0179687 0.0229167
4 0.387109 0.701563 0.0320312 0.021875
4 0.392188 0.465104 0.0296875 0.021875
0 0.109375 0.658854 0.021875 0.0239583
0 0.314844 0.647917 0.028125 0.0208333
4 0.235938 0.769271 0.0609375 0.0802083
4 0.491406 0.547396 0.009375 0.0197917
4 0.390625 0.525521 0.034375 0.0260417
4 0.491016 0.511979 0.0101562 0.021875
4 0.389844 0.583854 0.0359375 0.0260417
0 0.312891 0.7375 0.0273438 0.01875
4 0.390625 0.495313 0.0328125 0.0239583
4 0.389453 0.555208 0.0351562 0.0270833
0 0.315625 0.707812 0.03125 0.0197917
0 0.339453 0.617188 0.0382813 0.0302083
0 0.317187 0.677604 0.0296875 0.0177083
1 0.530469 0.823438 0.05625 0.015625
1 0.529297 0.794271 0.0570313 0.015625
4 0.388672 0.672917 0.0335938 0.025
0 0.312891 0.768229 0.0289063 0.0197917
1 0.530469 0.706771 0.0578125 0.0177083
1 0.532422 0.592188 0.0570313 0.0177083
4 0.389844 0.613542 0.034375 0.025
4 0.389453 0.644271 0.0320312 0.0260417
0 0.301562 0.61875 0.034375 0.03125
0 0.315625 0.829687 0.0265625 0.0177083
0 0.302344 0.499479 0.03125 0.028125
0 0.301562 0.588542 0.034375 0.03125
4 0.372656 0.852604 0.0234375 0.0260417
4 0.373828 0.819792 0.0226563 0.0270833
1 0.539062 0.476562 0.04375 0.0197917
4 0.373437 0.790625 0.021875 0.0270833
4 0.23125 0.971354 0.0625 0.0572917
0 0.339063 0.5875 0.0375 0.0291667
0 0.314453 0.859375 0.0304688 0.0208333
1 0.530078 0.736979 0.0570313 0.0177083
4 0.373437 0.760938 0.021875 0.028125
0 0.339844 0.557813 0.0375 0.0322917
1 0.539844 0.50625 0.040625 0.0145833
1 0.532031 0.621354 0.05625 0.015625
0 0.339844 0.5 0.0359375 0.0291667
1 0.530859 0.564062 0.0570313 0.0177083
1 0.530469 0.678125 0.05625 0.0166667
0 0.339844 0.527604 0.0375 0.0302083
1 0.529688 0.854167 0.0546875 0.0145833
0 0.321484 0.467708 0.0507812 0.0270833
0 0.301953 0.558333 0.0335938 0.0291667
0 0.302344 0.528646 0.0328125 0.028125
4 0.489844 0.654688 0.0109375 0.021875
4 0.573438 0.628125 0.0171875 0.0145833
4 0.490625 0.61875 0.0109375 0.0208333
5 0.718359 0.420833 0.00859375 0.0145833
4 0.63125 0.422396 0.0109375 0.009375
4 0.422656 0.758854 0.009375 0.0135417
4 0.63125 0.409896 0.0109375 0.0114583
4 0.613281 0.625 0.01875 0.0145833
4 0.417969 0.641667 0.00625 0.0166667
4 0.41875 0.582292 0.0078125 0.01875
4 0.416406 0.465104 0.0109375 0.0177083
4 0.592578 0.654167 0.0117188 0.0166667
4 0.417188 0.49375 0.0078125 0.01875
5 0.71875 0.410937 0.009375 0.0177083
4 0.487891 0.846875 0.0101562 0.0166667
4 0.491016 0.584375 0.0101562 0.0208333
1 0.531641 0.65 0.0554687 0.0145833
4 0.461719 0.65625 0.03125 0.0208333
0 0.303125 0.515625 0.0328125 0.0333333
5 0.703125 0.357812 0.0109375 0.021875
4 0.462891 0.721875 0.0242187 0.01875
4 0.460156 0.803646 0.03125 0.0197917
1 0.529688 0.765104 0.0578125 0.015625
4 0.490234 0.765625 0.0101562 0.01875
4 0.489453 0.692708 0.0117188 0.0270833
4 0.464844 0.579687 0.0265625 0.015625
4 0.416016 0.524479 0.00859375 0.0177083
4 0.490625 0.475 0.0109375 0.0208333
5 0.687891 0.414583 0.0101562 0.0166667
1 0.508203 0.46875 0.0117188 0.025
4 0.490234 0.728646 0.0101562 0.021875
0 0.711328 0.782812 0.0210938 0.021875
4 0.460938 0.689583 0.028125 0.0208333
4 0.422656 0.791667 0.009375 0.01875
4 0.464063 0.614583 0.0265625 0.01875
4 0.592188 0.622396 0.0140625 0.015625
0 0.314453 0.798437 0.0257812 0.0177083
5 0.660547 0.414062 0.0101562 0.015625
4 0.462109 0.838021 0.0304688 0.0177083
4 0.465234 0.470313 0.0289063 0.021875
4 0.465234 0.507292 0.0273438 0.0229167
4 0.465625 0.542188 0.0265625 0.0197917
4 0.463281 0.760938 0.0265625 0.0177083
4 0.374609 0.732292 0.0179687 0.0229167
4 0.387109 0.701563 0.0320312 0.021875
4 0.392188 0.465104 0.0296875 0.021875
0 0.109375 0.658854 0.021875 0.0239583
0 0.314844 0.647917 0.028125 0.0208333
4 0.235938 0.769271 0.0609375 0.0802083
4 0.491406 0.547396 0.009375 0.0197917
4 0.390625 0.525521 0.034375 0.0260417
4 0.491016 0.511979 0.0101562 0.021875
4 0.389844 0.583854 0.0359375 0.0260417
0 0.312891 0.7375 0.0273438 0.01875
4 0.390625 0.495313 0.0328125 0.0239583
4 0.389453 0.555208 0.0351562 0.0270833
0 0.315625 0.707812 0.03125 0.0197917
0 0.339453 0.617188 0.0382813 0.0302083
0 0.317187 0.677604 0.0296875 0.0177083
1 0.530469 0.823438 0.05625 0.015625
1 0.529297 0.794271 0.0570313 0.015625
4 0.388672 0.672917 0.0335938 0.025
0 0.312891 0.768229 0.0289063 0.0197917
1 0.530469 0.706771 0.0578125 0.0177083
1 0.532422 0.592188 0.0570313 0.0177083
4 0.389844 0.613542 0.034375 0.025
4 0.389453 0.644271 0.0320312 0.0260417
0 0.301562 0.61875 0.034375 0.03125
0 0.315625 0.829687 0.0265625 0.0177083
0 0.302344 0.499479 0.03125 0.028125
0 0.301562 0.588542 0.034375 0.03125
4 0.372656 0.852604 0.0234375 0.0260417
4 0.373828 0.819792 0.0226563 0.0270833
1 0.539062 0.476562 0.04375 0.0197917
4 0.373437 0.790625 0.021875 0.0270833
4 0.23125 0.971354 0.0625 0.0572917
0 0.339063 0.5875 0.0375 0.0291667
0 0.314453 0.859375 0.0304688 0.0208333
1 0.530078 0.736979 0.0570313 0.0177083
4 0.373437 0.760938 0.021875 0.028125
0 0.339844 0.557813 0.0375 0.0322917
1 0.539844 0.50625 0.040625 0.0145833
1 0.532031 0.621354 0.05625 0.015625
0 0.339844 0.5 0.0359375 0.0291667
1 0.530859 0.564062 0.0570313 0.0177083
1 0.530469 0.678125 0.05625 0.0166667
0 0.339844 0.527604 0.0375 0.0302083
1 0.529688 0.854167 0.0546875 0.0145833
0 0.321484 0.467708 0.0507812 0.0270833
0 0.301953 0.558333 0.0335938 0.0291667
0 0.302344 0.528646 0.0328125 0.028125
4 0.489844 0.654688 0.0109375 0.021875
4 0.573438 0.628125 0.0171875 0.0145833
4 0.490625 0.61875 0.0109375 0.0208333
5 0.718359 0.420833 0.00859375 0.0145833
4 0.63125 0.422396 0.0109375 0.009375
4 0.422656 0.758854 0.009375 0.0135417
4 0.63125 0.409896 0.0109375 0.0114583
4 0.613281 0.625 0.01875 0.0145833
4 0.417969 0.641667 0.00625 0.0166667
4 0.41875 0.582292 0.0078125 0.01875
4 0.416406 0.465104 0.0109375 0.0177083
4 0.592578 0.654167 0.0117188 0.0166667
4 0.417188 0.49375 0.0078125 0.01875
5 0.71875 0.410937 0.009375 0.0177083
4 0.487891 0.846875 0.0101562 0.0166667
4 0.491016 0.584375 0.0101562 0.0208333
1 0.531641 0.65 0.0554687 0.0145833
4 0.461719 0.65625 0.03125 0.0208333
0 0.303125 0.515625 0.0328125 0.0333333
5 0.703125 0.357812 0.0109375 0.021875
4 0.462891 0.721875 0.0242187 0.01875
4 0.460156 0.803646 0.03125 0.0197917
1 0.529688 0.765104 0.0578125 0.015625
4 0.490234 0.765625 0.0101562 0.01875
4 0.489453 0.692708 0.0117188 0.0270833
4 0.464844 0.579687 0.0265625 0.015625
4 0.416016 0.524479 0.00859375 0.0177083
4 0.490625 0.475 0.0109375 0.0208333
5 0.687891 0.414583 0.0101562 0.0166667
1 0.508203 0.46875 0.0117188 0.025
4 0.490234 0.728646 0.0101562 0.021875
0 0.711328 0.782812 0.0210938 0.021875
4 0.460938 0.689583 0.028125 0.0208333
4 0.422656 0.791667 0.009375 0.01875
4 0.464063 0.614583 0.0265625 0.01875
4 0.592188 0.622396 0.0140625 0.015625
0 0.314453 0.798437 0.0257812 0.0177083
5 0.660547 0.414062 0.0101562 0.015625
4 0.462109 0.838021 0.0304688 0.0177083
4 0.465234 0.470313 0.0289063 0.021875
4 0.465234 0.507292 0.0273438 0.0229167
4 0.465625 0.542188 0.0265625 0.0197917
4 0.463281 0.760938 0.0265625 0.0177083
4 0.374609 0.732292 0.0179687 0.0229167
4 0.387109 0.701563 0.0320312 0.021875
4 0.392188 0.465104 0.0296875 0.021875
0 0.109375 0.658854 0.021875 0.0239583
0 0.314844 0.647917 0.028125 0.0208333
4 0.235938 0.769271 0.0609375 0.0802083
4 0.491406 0.547396 0.009375 0.0197917
4 0.390625 0.525521 0.034375 0.0260417
4 0.491016 0.511979 0.0101562 0.021875
4 0.389844 0.583854 0.0359375 0.0260417
0 0.312891 0.7375 0.0273438 0.01875
4 0.390625 0.495313 0.0328125 0.0239583
4 0.389453 0.555208 0.0351562 0.0270833
0 0.315625 0.707812 0.03125 0.0197917
0 0.339453 0.617188 0.0382813 0.0302083
0 0.317187 0.677604 0.0296875 0.0177083
1 0.530469 0.823438 0.05625 0.015625
1 0.529297 0.794271 0.0570313 0.015625
4 0.388672 0.672917 0.0335938 0.025
0 0.312891 0.768229 0.0289063 0.0197917
1 0.530469 0.706771 0.0578125 0.0177083
1 0.532422 0.592188 0.0570313 0.0177083
4 0.389844 0.613542 0.034375 0.025
4 0.389453 0.644271 0.0320312 0.0260417
0 0.301562 0.61875 0.034375 0.03125
0 0.315625 0.829687 0.0265625 0.0177083
0 0.302344 0.499479 0.03125 0.028125
0 0.301562 0.588542 0.034375 0.03125
4 0.372656 0.852604 0.0234375 0.0260417
4 0.373828 0.819792 0.0226563 0.0270833
1 0.539062 0.476562 0.04375 0.0197917
4 0.373437 0.790625 0.021875 0.0270833
4 0.23125 0.971354 0.0625 0.0572917
0 0.339063 0.5875 0.0375 0.0291667
0 0.314453 0.859375 0.0304688 0.0208333
1 0.530078 0.736979 0.0570313 0.0177083
4 0.373437 0.760938 0.021875 0.028125
0 0.339844 0.557813 0.0375 0.0322917
1 0.539844 0.50625 0.040625 0.0145833
1 0.532031 0.621354 0.05625 0.015625
0 0.339844 0.5 0.0359375 0.0291667
1 0.530859 0.564062 0.0570313 0.0177083
1 0.530469 0.678125 0.05625 0.0166667
0 0.339844 0.527604 0.0375 0.0302083
1 0.529688 0.854167 0.0546875 0.0145833
0 0.321484 0.467708 0.0507812 0.0270833
0 0.301953 0.558333 0.0335938 0.0291667
0 0.302344 0.528646 0.0328125 0.028125
4 0.489844 0.654688 0.0109375 0.021875
4 0.573438 0.628125 0.0171875 0.0145833
4 0.490625 0.61875 0.0109375 0.0208333
5 0.718359 0.420833 0.00859375 0.0145833
4 0.63125 0.422396 0.0109375 0.009375
4 0.422656 0.758854 0.009375 0.0135417
4 0.63125 0.409896 0.0109375 0.0114583
4 0.613281 0.625 0.01875 0.0145833
4 0.417969 0.641667 0.00625 0.0166667
4 0.41875 0.582292 0.0078125 0.01875
4 0.416406 0.465104 0.0109375 0.0177083
4 0.592578 0.654167 0.0117188 0.0166667
4 0.417188 0.49375 0.0078125 0.01875
5 0.71875 0.410937 0.009375 0.0177083
4 0.487891 0.846875 0.0101562 0.0166667
4 0.491016 0.584375 0.0101562 0.0208333
1 0.531641 0.65 0.0554687 0.0145833
4 0.461719 0.65625 0.03125 0.0208333
0 0.303125 0.515625 0.0328125 0.0333333
5 0.703125 0.357812 0.0109375 0.021875
4 0.462891 0.721875 0.0242187 0.01875
4 0.460156 0.803646 0.03125 0.0197917
1 0.529688 0.765104 0.0578125 0.015625
4 0.490234 0.765625 0.0101562 0.01875
4 0.489453 0.692708 0.0117188 0.0270833
4 0.464844 0.579687 0.0265625 0.015625
4 0.416016 0.524479 0.00859375 0.0177083
4 0.490625 0.475 0.0109375 0.0208333
5 0.687891 0.414583 0.0101562 0.0166667
1 0.508203 0.46875 0.0117188 0.025
4 0.490234 0.728646 0.0101562 0.021875
0 0.711328 0.782812 0.0210938 0.021875
4 0.460938 0.689583 0.028125 0.0208333
4 0.422656 0.791667 0.009375 0.01875
4 0.464063 0.614583 0.0265625 0.01875
4 0.592188 0.622396 0.0140625 0.015625
0 0.314453 0.798437 0.0257812 0.0177083
5 0.660547 0.414062 0.0101562 0.015625
4 0.462109 0.838021 0.0304688 0.0177083
4 0.465234 0.470313 0.0289063 0.021875
4 0.465234 0.507292 0.0273438 0.0229167
4 0.465625 0.542188 0.0265625 0.0197917
4 0.463281 0.760938 0.0265625 0.0177083
4 0.374609 0.732292 0.0179687 0.0229167
4 0.387109 0.701563 0.0320312 0.021875
4 0.392188 0.465104 0.0296875 0.021875
0 0.109375 0.658854 0.021875 0.0239583
0 0.314844 0.647917 0.028125 0.0208333
4 0.235938 0.769271 0.0609375 0.0802083
4 0.491406 0.547396 0.009375 0.0197917
4 0.390625 0.525521 0.034375 0.0260417
4 0.491016 0.511979 0.0101562 0.021875
4 0.389844 0.583854 0.0359375 0.0260417
0 0.312891 0.7375 0.0273438 0.01875
4 0.390625 0.495313 0.0328125 0.0239583
4 0.389453 0.555208 0.0351562 0.0270833
0 0.315625 0.707812 0.03125 0.0197917
0 0.339453 0.617188 0.0382813 0.0302083
0 0.317187 0.677604 0.0296875 0.0177083
1 0.530469 0.823438 0.05625 0.015625
1 0.529297 0.794271 0.0570313 0.015625
4 0.388672 0.672917 0.0335938 0.025
0 0.312891 0.768229 0.0289063 0.0197917
1 0.530469 0.706771 0.0578125 0.0177083
1 0.532422 0.592188 0.0570313 0.0177083
4 0.389844 0.613542 0.034375 0.025
4 0.389453 0.644271 0.0320312 0.0260417
0 0.301562 0.61875 0.034375 0.03125
0 0.315625 0.829687 0.0265625 0.0177083
0 0.302344 0.499479 0.03125 0.028125
0 0.301562 0.588542 0.034375 0.03125
4 0.372656 0.852604 0.0234375 0.0260417
4 0.373828 0.819792 0.0226563 0.0270833
1 0.539062 0.476562 0.04375 0.0197917
4 0.373437 0.790625 0.021875 0.0270833
4 0.23125 0.971354 0.0625 0.0572917
0 0.339063 0.5875 0.0375 0.0291667
0 0.314453 0.859375 0.0304688 0.0208333
1 0.530078 0.736979 0.0570313 0.0177083
4 0.373437 0.760938 0.021875 0.028125
0 0.339844 0.557813 0.0375 0.0322917
1 0.539844 0.50625 0.040625 0.0145833
1 0.532031 0.621354 0.05625 0.015625
0 0.339844 0.5 0.0359375 0.0291667
1 0.530859 0.564062 0.0570313 0.0177083
1 0.530469 0.678125 0.05625 0.0166667
0 0.339844 0.527604 0.0375 0.0302083
1 0.529688 0.854167 0.0546875 0.0145833
0 0.321484 0.467708 0.0507812 0.0270833
0 0.301953 0.558333 0.0335938 0.0291667
0 0.302344 0.528646 0.0328125 0.028125
