5 0.556944 0.72029 0.0212963 0.00869565
1 0.485648 0.663768 0.0212963 0.0115942
5 0.535185 0.727536 0.0111111 0.00772947
5 0.561111 0.617874 0.0203704 0.00676329
5 0.766667 0.598551 0.0111111 0.00676329
5 0.554167 0.716908 0.0212963 0.00966184
5 0.76713 0.583575 0.0101852 0.00772947
1 0.480093 0.676328 0.0268519 0.0135266
5 0.762963 0.668116 0.0111111 0.010628
5 0.556481 0.662319 0.0222222 0.00869565
5 0.560185 0.623671 0.0203704 0.00676329
5 0.72037 0.582609 0.012963 0.00966184
5 0.558796 0.634783 0.0212963 0.00772947
5 0.765278 0.635266 0.0101852 0.00869565
5 0.443056 0.543478 0.012037 0.0357488
5 0.553704 0.702899 0.0222222 0.00869565
5 0.555556 0.675362 0.0222222 0.00772947
5 0.55787 0.649275 0.0212963 0.00772947
5 0.0675926 0.276329 0.0333333 0.0541063
1 0.416204 0.471981 0.0416667 0.0183575
5 0.55463 0.688889 0.0222222 0.00966184
5 0.74537 0.568116 0.0259259 0.00966184
5 0.747222 0.531884 0.0259259 0.00869565
1 0.483333 0.648309 0.0277778 0.00966184
5 0.745833 0.549758 0.0268519 0.0115942
5 0.738889 0.686473 0.0277778 0.0125604
5 0.740278 0.668116 0.0287037 0.0125604
5 0.353241 0.209179 0.0731481 0.068599
5 0.743056 0.616908 0.0268519 0.010628
5 0.743981 0.600966 0.0268519 0.0115942
5 0.741667 0.651691 0.0277778 0.010628
5 0.742593 0.6343 0.0259259 0.010628
5 0.744907 0.583575 0.0268519 0.00966184
5 0.390278 0.552174 0.0398148 0.0415459
5 0.556944 0.72029 0.0212963 0.00869565
1 0.485648 0.663768 0.0212963 0.0115942
5 0.535185 0.727536 0.0111111 0.00772947
5 0.561111 0.617874 0.0203704 0.00676329
5 0.766667 0.598551 0.0111111 0.00676329
5 0.554167 0.716908 0.0212963 0.00966184
5 0.76713 0.583575 0.0101852 0.00772947
1 0.480093 0.676328 0.0268519 0.0135266
5 0.762963 0.668116 0.0111111 0.010628
5 0.556481 0.662319 0.0222222 0.00869565
5 0.560185 0.623671 0.0203704 0.00676329
5 0.72037 0.582609 0.012963 0.00966184
5 0.558796 0.634783 0.0212963 0.00772947
5 0.765278 0.635266 0.0101852 0.00869565
5 0.443056 0.543478 0.012037 0.0357488
5 0.553704 0.702899 0.0222222 0.00869565
5 0.555556 0.675362 0.0222222 0.00772947
5 0.55787 0.649275 0.0212963 0.00772947
5 0.0675926 0.276329 0.0333333 0.0541063
1 0.416204 0.471981 0.0416667 0.0183575
5 0.55463 0.688889 0.0222222 0.00966184
5 0.74537 0.568116 0.0259259 0.00966184
5 0.747222 0.531884 0.0259259 0.00869565
1 0.483333 0.648309 0.0277778 0.00966184
5 0.745833 0.549758 0.0268519 0.0115942
5 0.738889 0.686473 0.0277778 0.0125604
5 0.740278 0.668116 0.0287037 0.0125604
5 0.353241 0.209179 0.0731481 0.068599
5 0.743056 0.616908 0.0268519 0.010628
5 0.743981 0.600966 0.0268519 0.0115942
5 0.741667 0.651691 0.0277778 0.010628
5 0.742593 0.6343 0.0259259 0.010628
5 0.744907 0.583575 0.0268519 0.00966184
5 0.390278 0.552174 0.0398148 0.0415459
5 0.556944 0.72029 0.0212963 0.00869565
1 0.485648 0.663768 0.0212963 0.0115942
5 0.535185 0.727536 0.0111111 0.00772947
5 0.561111 0.617874 0.0203704 0.00676329
5 0.766667 0.598551 0.0111111 0.00676329
5 0.554167 0.716908 0.0212963 0.00966184
5 0.76713 0.583575 0.0101852 0.00772947
1 0.480093 0.676328 0.0268519 0.0135266
5 0.762963 0.668116 0.0111111 0.010628
5 0.556481 0.662319 0.0222222 0.00869565
5 0.560185 0.623671 0.0203704 0.00676329
5 0.72037 0.582609 0.012963 0.00966184
5 0.558796 0.634783 0.0212963 0.00772947
5 0.765278 0.635266 0.0101852 0.00869565
5 0.443056 0.543478 0.012037 0.0357488
5 0.553704 0.702899 0.0222222 0.00869565
5 0.555556 0.675362 0.0222222 0.00772947
5 0.55787 0.649275 0.0212963 0.00772947
5 0.0675926 0.276329 0.0333333 0.0541063
1 0.416204 0.471981 0.0416667 0.0183575
5 0.55463 0.688889 0.0222222 0.00966184
5 0.74537 0.568116 0.0259259 0.00966184
5 0.747222 0.531884 0.0259259 0.00869565
1 0.483333 0.648309 0.0277778 0.00966184
5 0.745833 0.549758 0.0268519 0.0115942
5 0.738889 0.686473 0.0277778 0.0125604
5 0.740278 0.668116 0.0287037 0.0125604
5 0.353241 0.209179 0.0731481 0.068599
5 0.743056 0.616908 0.0268519 0.010628
5 0.743981 0.600966 0.0268519 0.0115942
5 0.741667 0.651691 0.0277778 0.010628
5 0.742593 0.6343 0.0259259 0.010628
5 0.744907 0.583575 0.0268519 0.00966184
5 0.390278 0.552174 0.0398148 0.0415459
5 0.556944 0.72029 0.0212963 0.00869565
1 0.485648 0.663768 0.0212963 0.0115942
5 0.535185 0.727536 0.0111111 0.00772947
5 0.561111 0.617874 0.0203704 0.00676329
5 0.766667 0.598551 0.0111111 0.00676329
5 0.554167 0.716908 0.0212963 0.00966184
5 0.76713 0.583575 0.0101852 0.00772947
1 0.480093 0.676328 0.0268519 0.0135266
5 0.762963 0.668116 0.0111111 0.010628
5 0.556481 0.662319 0.0222222 0.00869565
5 0.560185 0.623671 0.0203704 0.00676329
5 0.72037 0.582609 0.012963 0.00966184
5 0.558796 0.634783 0.0212963 0.00772947
5 0.765278 0.635266 0.0101852 0.00869565
5 0.443056 0.543478 0.012037 0.0357488
5 0.553704 0.702899 0.0222222 0.00869565
5 0.555556 0.675362 0.0222222 0.00772947
5 0.55787 0.649275 0.0212963 0.00772947
5 0.0675926 0.276329 0.0333333 0.0541063
1 0.416204 0.471981 0.0416667 0.0183575
5 0.55463 0.688889 0.0222222 0.00966184
5 0.74537 0.568116 0.0259259 0.00966184
5 0.747222 0.531884 0.0259259 0.00869565
1 0.483333 0.648309 0.0277778 0.00966184
5 0.745833 0.549758 0.0268519 0.0115942
5 0.738889 0.686473 0.0277778 0.0125604
5 0.740278 0.668116 0.0287037 0.0125604
5 0.353241 0.209179 0.0731481 0.068599
5 0.743056 0.616908 0.0268519 0.010628
5 0.743981 0.600966 0.0268519 0.0115942
5 0.741667 0.651691 0.0277778 0.010628
5 0.742593 0.6343 0.0259259 0.010628
5 0.744907 0.583575 0.0268519 0.00966184
5 0.390278 0.552174 0.0398148 0.0415459
