4 0.438281 0.289062 0.0140625 0.0260417
0 0.394922 0.772396 0.0367187 0.0177083
2 0.851953 0.461979 0.0304688 0.015625
4 0.358203 0.725 0.0132813 0.0208333
1 0.254687 0.641667 0.0125 0.0645833
4 0.472656 0.366146 0.04375 0.021875
4 0.267188 0.551562 0.0296875 0.015625
4 0.233594 0.714063 0.0171875 0.059375
4 0.319922 0.632812 0.0429688 0.021875
1 0.228516 0.95 0.0132813 0.025
4 0.542578 0.291667 0.0132813 0.025
4 0.728125 0.541146 0.0109375 0.021875
1 0.238281 0.917188 0.0390625 0.015625
0 0.439063 0.970833 0.0734375 0.0375
1 0.226172 0.891146 0.0179687 0.0260417
4 0.327344 0.721875 0.01875 0.0270833
1 0.833984 0.338542 0.0289063 0.0145833
1 0.597656 0.970833 0.0125 0.0354167
1 0.603906 0.969792 0.0171875 0.0375
2 0.85 0.499479 0.028125 0.0197917
4 0.285547 0.675521 0.0242187 0.0427083
4 0.407031 0.679167 0.009375 0.0166667
2 0.851172 0.478125 0.0289063 0.0208333
4 0.591797 0.369271 0.0101562 0.0239583
0 0.639063 0.813021 0.0125 0.0239583
0 0.445312 0.910937 0.065625 0.071875
4 0.558594 0.643229 0.0125 0.0177083
1 0.760547 0.680729 0.0460938 0.0302083
4 0.310156 0.736979 0.09375 0.0697917
0 0.567969 0.804167 0.03125 0.0291667
4 0.641406 0.673437 0.0140625 0.028125
4 0.321484 0.666146 0.0132813 0.028125
4 0.517187 0.445833 0.0125 0.0166667
4 0.348437 0.678646 0.0125 0.0197917
4 0.217578 0.692187 0.0148437 0.0385417
1 0.710156 0.646875 0.0140625 0.0541667
0 0.467187 0.923437 0.0203125 0.0385417
4 0.458594 0.443229 0.0109375 0.0177083
1 0.619141 0.85 0.0710938 0.0291667
4 0.482031 0.516667 0.03125 0.025
1 0.573047 0.864583 0.0164062 0.0333333
1 0.485547 0.698438 0.0429688 0.0177083
1 0.523047 0.861458 0.0179687 0.0375
0 0.439844 0.921875 0.0734375 0.141667
1 0.603125 0.908333 0.0171875 0.04375
4 0.366797 0.557292 0.0351562 0.025
4 0.628516 0.732292 0.0148437 0.025
1 0.751172 0.988542 0.102344 0.0229167
1 0.310547 0.859896 0.0195312 0.040625
4 0.460547 0.557813 0.0351562 0.021875
1 0.539453 0.415625 0.0445312 0.01875
0 0.252734 0.823958 0.0382813 0.0333333
4 0.430859 0.446875 0.0429688 0.0291667
1 0.438281 0.698438 0.0453125 0.015625
4 0.608203 0.744792 0.0648438 0.0729167
1 0.275781 0.889583 0.0171875 0.03125
4 0.441016 0.400521 0.0351562 0.0239583
4 0.508984 0.558854 0.0351562 0.021875
1 0.192578 0.8375 0.0320312 0.0395833
1 0.519531 0.376042 0.0453125 0.01875
1 0.44375 0.333854 0.0453125 0.0177083
4 0.591406 0.644792 0.046875 0.0291667
4 0.379297 0.641667 0.0398437 0.0291667
4 0.611719 0.491667 0.0375 0.03125
4 0.457422 0.371354 0.0414063 0.0322917
4 0.408594 0.479688 0.0328125 0.021875
1 0.485156 0.740625 0.0453125 0.01875
4 0.413281 0.559375 0.0359375 0.025
4 0.564062 0.371354 0.040625 0.028125
4 0.59375 0.451562 0.0359375 0.028125
4 0.555078 0.560938 0.0320312 0.0197917
4 0.513281 0.293229 0.0375 0.0260417
4 0.433984 0.519271 0.0320312 0.0260417
4 0.514844 0.480729 0.028125 0.021875
1 0.585547 0.536979 0.0476562 0.0197917
1 0.128125 0.854167 0.0984375 0.0354167
1 0.394531 0.414062 0.046875 0.0197917
4 0.485156 0.401042 0.0296875 0.025
4 0.583594 0.411979 0.040625 0.0302083
4 0.53125 0.681771 0.0421875 0.0302083
4 0.339844 0.405729 0.0359375 0.0302083
1 0.467969 0.295833 0.04375 0.0166667
1 0.343359 0.53125 0.0492188 0.0208333
1 0.550781 0.456771 0.0484375 0.0197917
4 0.460547 0.488021 0.0429688 0.0322917
1 0.751953 0.932813 0.103906 0.034375
1 0.394141 0.611979 0.0664062 0.021875
4 0.387891 0.332292 0.0414063 0.0291667
1 0.436328 0.741146 0.0460938 0.0197917
4 0.628125 0.530729 0.0390625 0.034375
1 0.653516 0.984896 0.0789063 0.028125
4 0.311328 0.484896 0.0382813 0.0302083
4 0.355859 0.369271 0.0382813 0.028125
1 0.56875 0.497396 0.0453125 0.0177083
4 0.410156 0.29375 0.0359375 0.0354167
1 0.131641 0.910937 0.0976562 0.0322917
0 0.607031 0.814062 0.04375 0.028125
1 0.383203 0.453646 0.0460938 0.0177083
1 0.134375 0.970833 0.1 0.0354167
4 0.379687 0.679688 0.040625 0.0322917
1 0.754687 0.871875 0.104687 0.0375
1 0.600781 0.616667 0.0671875 0.0229167
4 0.326562 0.446354 0.0390625 0.034375
1 0.321094 0.572917 0.05 0.0229167
1 0.438281 0.657292 0.0453125 0.01875
4 0.289844 0.522396 0.040625 0.0322917
1 0.364453 0.492188 0.0476562 0.0197917
4 0.530469 0.64375 0.04375 0.0291667
1 0.462109 0.614583 0.0664062 0.0229167
1 0.653516 0.926042 0.0804688 0.0291667
4 0.535937 0.334896 0.0359375 0.028125
1 0.532422 0.615104 0.0648438 0.0239583
7 0.754297 0.772917 0.0664062 0.0520833
4 0.487891 0.45 0.0382813 0.03125
1 0.322656 0.611979 0.0640625 0.0239583
4 0.389062 0.518229 0.0359375 0.0239583
4 0.530078 0.519271 0.0335938 0.0239583
1 0.410547 0.373958 0.0460938 0.01875
1 0.485938 0.657292 0.04375 0.0166667
1 0.491406 0.335938 0.04375 0.0177083
1 0.360156 0.876562 0.0765625 0.028125
1 0.609766 0.578646 0.0492188 0.0197917
7 0.122656 0.758854 0.0671875 0.0572917
1 0.467969 0.255729 0.04375 0.0197917
7 0.535937 0.941667 0.0640625 0.05625
7 0.346484 0.935938 0.0632813 0.053125
4 0.438281 0.289062 0.0140625 0.0260417
0 0.394922 0.772396 0.0367187 0.0177083
2 0.851953 0.461979 0.0304688 0.015625
4 0.358203 0.725 0.0132813 0.0208333
1 0.254687 0.641667 0.0125 0.0645833
4 0.472656 0.366146 0.04375 0.021875
4 0.267188 0.551562 0.0296875 0.015625
4 0.233594 0.714063 0.0171875 0.059375
4 0.319922 0.632812 0.0429688 0.021875
1 0.228516 0.95 0.0132813 0.025
4 0.542578 0.291667 0.0132813 0.025
4 0.728125 0.541146 0.0109375 0.021875
1 0.238281 0.917188 0.0390625 0.015625
0 0.439063 0.970833 0.0734375 0.0375
1 0.226172 0.891146 0.0179687 0.0260417
4 0.327344 0.721875 0.01875 0.0270833
1 0.833984 0.338542 0.0289063 0.0145833
1 0.597656 0.970833 0.0125 0.0354167
1 0.603906 0.969792 0.0171875 0.0375
2 0.85 0.499479 0.028125 0.0197917
4 0.285547 0.675521 0.0242187 0.0427083
4 0.407031 0.679167 0.009375 0.0166667
2 0.851172 0.478125 0.0289063 0.0208333
4 0.591797 0.369271 0.0101562 0.0239583
0 0.639063 0.813021 0.0125 0.0239583
0 0.445312 0.910937 0.065625 0.071875
4 0.558594 0.643229 0.0125 0.0177083
1 0.760547 0.680729 0.0460938 0.0302083
4 0.310156 0.736979 0.09375 0.0697917
0 0.567969 0.804167 0.03125 0.0291667
4 0.641406 0.673437 0.0140625 0.028125
4 0.321484 0.666146 0.0132813 0.028125
4 0.517187 0.445833 0.0125 0.0166667
4 0.348437 0.678646 0.0125 0.0197917
4 0.217578 0.692187 0.0148437 0.0385417
1 0.710156 0.646875 0.0140625 0.0541667
0 0.467187 0.923437 0.0203125 0.0385417
4 0.458594 0.443229 0.0109375 0.0177083
1 0.619141 0.85 0.0710938 0.0291667
4 0.482031 0.516667 0.03125 0.025
1 0.573047 0.864583 0.0164062 0.0333333
1 0.485547 0.698438 0.0429688 0.0177083
1 0.523047 0.861458 0.0179687 0.0375
0 0.439844 0.921875 0.0734375 0.141667
1 0.603125 0.908333 0.0171875 0.04375
4 0.366797 0.557292 0.0351562 0.025
4 0.628516 0.732292 0.0148437 0.025
1 0.751172 0.988542 0.102344 0.0229167
1 0.310547 0.859896 0.0195312 0.040625
4 0.460547 0.557813 0.0351562 0.021875
1 0.539453 0.415625 0.0445312 0.01875
0 0.252734 0.823958 0.0382813 0.0333333
4 0.430859 0.446875 0.0429688 0.0291667
1 0.438281 0.698438 0.0453125 0.015625
4 0.608203 0.744792 0.0648438 0.0729167
1 0.275781 0.889583 0.0171875 0.03125
4 0.441016 0.400521 0.0351562 0.0239583
4 0.508984 0.558854 0.0351562 0.021875
1 0.192578 0.8375 0.0320312 0.0395833
1 0.519531 0.376042 0.0453125 0.01875
1 0.44375 0.333854 0.0453125 0.0177083
4 0.591406 0.644792 0.046875 0.0291667
4 0.379297 0.641667 0.0398437 0.0291667
4 0.611719 0.491667 0.0375 0.03125
4 0.457422 0.371354 0.0414063 0.0322917
4 0.408594 0.479688 0.0328125 0.021875
1 0.485156 0.740625 0.0453125 0.01875
4 0.413281 0.559375 0.0359375 0.025
4 0.564062 0.371354 0.040625 0.028125
4 0.59375 0.451562 0.0359375 0.028125
4 0.555078 0.560938 0.0320312 0.0197917
4 0.513281 0.293229 0.0375 0.0260417
4 0.433984 0.519271 0.0320312 0.0260417
4 0.514844 0.480729 0.028125 0.021875
1 0.585547 0.536979 0.0476562 0.0197917
1 0.128125 0.854167 0.0984375 0.0354167
1 0.394531 0.414062 0.046875 0.0197917
4 0.485156 0.401042 0.0296875 0.025
4 0.583594 0.411979 0.040625 0.0302083
4 0.53125 0.681771 0.0421875 0.0302083
4 0.339844 0.405729 0.0359375 0.0302083
1 0.467969 0.295833 0.04375 0.0166667
1 0.343359 0.53125 0.0492188 0.0208333
1 0.550781 0.456771 0.0484375 0.0197917
4 0.460547 0.488021 0.0429688 0.0322917
1 0.751953 0.932813 0.103906 0.034375
1 0.394141 0.611979 0.0664062 0.021875
4 0.387891 0.332292 0.0414063 0.0291667
1 0.436328 0.741146 0.0460938 0.0197917
4 0.628125 0.530729 0.0390625 0.034375
1 0.653516 0.984896 0.0789063 0.028125
4 0.311328 0.484896 0.0382813 0.0302083
4 0.355859 0.369271 0.0382813 0.028125
1 0.56875 0.497396 0.0453125 0.0177083
4 0.410156 0.29375 0.0359375 0.0354167
1 0.131641 0.910937 0.0976562 0.0322917
0 0.607031 0.814062 0.04375 0.028125
1 0.383203 0.453646 0.0460938 0.0177083
1 0.134375 0.970833 0.1 0.0354167
4 0.379687 0.679688 0.040625 0.0322917
1 0.754687 0.871875 0.104687 0.0375
1 0.600781 0.616667 0.0671875 0.0229167
4 0.326562 0.446354 0.0390625 0.034375
1 0.321094 0.572917 0.05 0.0229167
1 0.438281 0.657292 0.0453125 0.01875
4 0.289844 0.522396 0.040625 0.0322917
1 0.364453 0.492188 0.0476562 0.0197917
4 0.530469 0.64375 0.04375 0.0291667
1 0.462109 0.614583 0.0664062 0.0229167
1 0.653516 0.926042 0.0804688 0.0291667
4 0.535937 0.334896 0.0359375 0.028125
1 0.532422 0.615104 0.0648438 0.0239583
7 0.754297 0.772917 0.0664062 0.0520833
4 0.487891 0.45 0.0382813 0.03125
1 0.322656 0.611979 0.0640625 0.0239583
4 0.389062 0.518229 0.0359375 0.0239583
4 0.530078 0.519271 0.0335938 0.0239583
1 0.410547 0.373958 0.0460938 0.01875
1 0.485938 0.657292 0.04375 0.0166667
1 0.491406 0.335938 0.04375 0.0177083
1 0.360156 0.876562 0.0765625 0.028125
1 0.609766 0.578646 0.0492188 0.0197917
7 0.122656 0.758854 0.0671875 0.0572917
1 0.467969 0.255729 0.04375 0.0197917
7 0.535937 0.941667 0.0640625 0.05625
7 0.346484 0.935938 0.0632813 0.053125
4 0.438281 0.289062 0.0140625 0.0260417
0 0.394922 0.772396 0.0367187 0.0177083
2 0.851953 0.461979 0.0304688 0.015625
4 0.358203 0.725 0.0132813 0.0208333
1 0.254687 0.641667 0.0125 0.0645833
4 0.472656 0.366146 0.04375 0.021875
4 0.267188 0.551562 0.0296875 0.015625
4 0.233594 0.714063 0.0171875 0.059375
4 0.319922 0.632812 0.0429688 0.021875
1 0.228516 0.95 0.0132813 0.025
4 0.542578 0.291667 0.0132813 0.025
4 0.728125 0.541146 0.0109375 0.021875
1 0.238281 0.917188 0.0390625 0.015625
0 0.439063 0.970833 0.0734375 0.0375
1 0.226172 0.891146 0.0179687 0.0260417
4 0.327344 0.721875 0.01875 0.0270833
1 0.833984 0.338542 0.0289063 0.0145833
1 0.597656 0.970833 0.0125 0.0354167
1 0.603906 0.969792 0.0171875 0.0375
2 0.85 0.499479 0.028125 0.0197917
4 0.285547 0.675521 0.0242187 0.0427083
4 0.407031 0.679167 0.009375 0.0166667
2 0.851172 0.478125 0.0289063 0.0208333
4 0.591797 0.369271 0.0101562 0.0239583
0 0.639063 0.813021 0.0125 0.0239583
0 0.445312 0.910937 0.065625 0.071875
4 0.558594 0.643229 0.0125 0.0177083
1 0.760547 0.680729 0.0460938 0.0302083
4 0.310156 0.736979 0.09375 0.0697917
0 0.567969 0.804167 0.03125 0.0291667
4 0.641406 0.673437 0.0140625 0.028125
4 0.321484 0.666146 0.0132813 0.028125
4 0.517187 0.445833 0.0125 0.0166667
4 0.348437 0.678646 0.0125 0.0197917
4 0.217578 0.692187 0.0148437 0.0385417
1 0.710156 0.646875 0.0140625 0.0541667
0 0.467187 0.923437 0.0203125 0.0385417
4 0.458594 0.443229 0.0109375 0.0177083
1 0.619141 0.85 0.0710938 0.0291667
4 0.482031 0.516667 0.03125 0.025
1 0.573047 0.864583 0.0164062 0.0333333
1 0.485547 0.698438 0.0429688 0.0177083
1 0.523047 0.861458 0.0179687 0.0375
0 0.439844 0.921875 0.0734375 0.141667
1 0.603125 0.908333 0.0171875 0.04375
4 0.366797 0.557292 0.0351562 0.025
4 0.628516 0.732292 0.0148437 0.025
1 0.751172 0.988542 0.102344 0.0229167
1 0.310547 0.859896 0.0195312 0.040625
4 0.460547 0.557813 0.0351562 0.021875
1 0.539453 0.415625 0.0445312 0.01875
0 0.252734 0.823958 0.0382813 0.0333333
4 0.430859 0.446875 0.0429688 0.0291667
1 0.438281 0.698438 0.0453125 0.015625
4 0.608203 0.744792 0.0648438 0.0729167
1 0.275781 0.889583 0.0171875 0.03125
4 0.441016 0.400521 0.0351562 0.0239583
4 0.508984 0.558854 0.0351562 0.021875
1 0.192578 0.8375 0.0320312 0.0395833
1 0.519531 0.376042 0.0453125 0.01875
1 0.44375 0.333854 0.0453125 0.0177083
4 0.591406 0.644792 0.046875 0.0291667
4 0.379297 0.641667 0.0398437 0.0291667
4 0.611719 0.491667 0.0375 0.03125
4 0.457422 0.371354 0.0414063 0.0322917
4 0.408594 0.479688 0.0328125 0.021875
1 0.485156 0.740625 0.0453125 0.01875
4 0.413281 0.559375 0.0359375 0.025
4 0.564062 0.371354 0.040625 0.028125
4 0.59375 0.451562 0.0359375 0.028125
4 0.555078 0.560938 0.0320312 0.0197917
4 0.513281 0.293229 0.0375 0.0260417
4 0.433984 0.519271 0.0320312 0.0260417
4 0.514844 0.480729 0.028125 0.021875
1 0.585547 0.536979 0.0476562 0.0197917
1 0.128125 0.854167 0.0984375 0.0354167
1 0.394531 0.414062 0.046875 0.0197917
4 0.485156 0.401042 0.0296875 0.025
4 0.583594 0.411979 0.040625 0.0302083
4 0.53125 0.681771 0.0421875 0.0302083
4 0.339844 0.405729 0.0359375 0.0302083
1 0.467969 0.295833 0.04375 0.0166667
1 0.343359 0.53125 0.0492188 0.0208333
1 0.550781 0.456771 0.0484375 0.0197917
4 0.460547 0.488021 0.0429688 0.0322917
1 0.751953 0.932813 0.103906 0.034375
1 0.394141 0.611979 0.0664062 0.021875
4 0.387891 0.332292 0.0414063 0.0291667
1 0.436328 0.741146 0.0460938 0.0197917
4 0.628125 0.530729 0.0390625 0.034375
1 0.653516 0.984896 0.0789063 0.028125
4 0.311328 0.484896 0.0382813 0.0302083
4 0.355859 0.369271 0.0382813 0.028125
1 0.56875 0.497396 0.0453125 0.0177083
4 0.410156 0.29375 0.0359375 0.0354167
1 0.131641 0.910937 0.0976562 0.0322917
0 0.607031 0.814062 0.04375 0.028125
1 0.383203 0.453646 0.0460938 0.0177083
1 0.134375 0.970833 0.1 0.0354167
4 0.379687 0.679688 0.040625 0.0322917
1 0.754687 0.871875 0.104687 0.0375
1 0.600781 0.616667 0.0671875 0.0229167
4 0.326562 0.446354 0.0390625 0.034375
1 0.321094 0.572917 0.05 0.0229167
1 0.438281 0.657292 0.0453125 0.01875
4 0.289844 0.522396 0.040625 0.0322917
1 0.364453 0.492188 0.0476562 0.0197917
4 0.530469 0.64375 0.04375 0.0291667
1 0.462109 0.614583 0.0664062 0.0229167
1 0.653516 0.926042 0.0804688 0.0291667
4 0.535937 0.334896 0.0359375 0.028125
1 0.532422 0.615104 0.0648438 0.0239583
7 0.754297 0.772917 0.0664062 0.0520833
4 0.487891 0.45 0.0382813 0.03125
1 0.322656 0.611979 0.0640625 0.0239583
4 0.389062 0.518229 0.0359375 0.0239583
4 0.530078 0.519271 0.0335938 0.0239583
1 0.410547 0.373958 0.0460938 0.01875
1 0.485938 0.657292 0.04375 0.0166667
1 0.491406 0.335938 0.04375 0.0177083
1 0.360156 0.876562 0.0765625 0.028125
1 0.609766 0.578646 0.0492188 0.0197917
7 0.122656 0.758854 0.0671875 0.0572917
1 0.467969 0.255729 0.04375 0.0197917
7 0.535937 0.941667 0.0640625 0.05625
7 0.346484 0.935938 0.0632813 0.053125
4 0.438281 0.289062 0.0140625 0.0260417
0 0.394922 0.772396 0.0367187 0.0177083
2 0.851953 0.461979 0.0304688 0.015625
4 0.358203 0.725 0.0132813 0.0208333
1 0.254687 0.641667 0.0125 0.0645833
4 0.472656 0.366146 0.04375 0.021875
4 0.267188 0.551562 0.0296875 0.015625
4 0.233594 0.714063 0.0171875 0.059375
4 0.319922 0.632812 0.0429688 0.021875
1 0.228516 0.95 0.0132813 0.025
4 0.542578 0.291667 0.0132813 0.025
4 0.728125 0.541146 0.0109375 0.021875
1 0.238281 0.917188 0.0390625 0.015625
0 0.439063 0.970833 0.0734375 0.0375
1 0.226172 0.891146 0.0179687 0.0260417
4 0.327344 0.721875 0.01875 0.0270833
1 0.833984 0.338542 0.0289063 0.0145833
1 0.597656 0.970833 0.0125 0.0354167
1 0.603906 0.969792 0.0171875 0.0375
2 0.85 0.499479 0.028125 0.0197917
4 0.285547 0.675521 0.0242187 0.0427083
4 0.407031 0.679167 0.009375 0.0166667
2 0.851172 0.478125 0.0289063 0.0208333
4 0.591797 0.369271 0.0101562 0.0239583
0 0.639063 0.813021 0.0125 0.0239583
0 0.445312 0.910937 0.065625 0.071875
4 0.558594 0.643229 0.0125 0.0177083
1 0.760547 0.680729 0.0460938 0.0302083
4 0.310156 0.736979 0.09375 0.0697917
0 0.567969 0.804167 0.03125 0.0291667
4 0.641406 0.673437 0.0140625 0.028125
4 0.321484 0.666146 0.0132813 0.028125
4 0.517187 0.445833 0.0125 0.0166667
4 0.348437 0.678646 0.0125 0.0197917
4 0.217578 0.692187 0.0148437 0.0385417
1 0.710156 0.646875 0.0140625 0.0541667
0 0.467187 0.923437 0.0203125 0.0385417
4 0.458594 0.443229 0.0109375 0.0177083
1 0.619141 0.85 0.0710938 0.0291667
4 0.482031 0.516667 0.03125 0.025
1 0.573047 0.864583 0.0164062 0.0333333
1 0.485547 0.698438 0.0429688 0.0177083
1 0.523047 0.861458 0.0179687 0.0375
0 0.439844 0.921875 0.0734375 0.141667
1 0.603125 0.908333 0.0171875 0.04375
4 0.366797 0.557292 0.0351562 0.025
4 0.628516 0.732292 0.0148437 0.025
1 0.751172 0.988542 0.102344 0.0229167
1 0.310547 0.859896 0.0195312 0.040625
4 0.460547 0.557813 0.0351562 0.021875
1 0.539453 0.415625 0.0445312 0.01875
0 0.252734 0.823958 0.0382813 0.0333333
4 0.430859 0.446875 0.0429688 0.0291667
1 0.438281 0.698438 0.0453125 0.015625
4 0.608203 0.744792 0.0648438 0.0729167
1 0.275781 0.889583 0.0171875 0.03125
4 0.441016 0.400521 0.0351562 0.0239583
4 0.508984 0.558854 0.0351562 0.021875
1 0.192578 0.8375 0.0320312 0.0395833
1 0.519531 0.376042 0.0453125 0.01875
1 0.44375 0.333854 0.0453125 0.0177083
4 0.591406 0.644792 0.046875 0.0291667
4 0.379297 0.641667 0.0398437 0.0291667
4 0.611719 0.491667 0.0375 0.03125
4 0.457422 0.371354 0.0414063 0.0322917
4 0.408594 0.479688 0.0328125 0.021875
1 0.485156 0.740625 0.0453125 0.01875
4 0.413281 0.559375 0.0359375 0.025
4 0.564062 0.371354 0.040625 0.028125
4 0.59375 0.451562 0.0359375 0.028125
4 0.555078 0.560938 0.0320312 0.0197917
4 0.513281 0.293229 0.0375 0.0260417
4 0.433984 0.519271 0.0320312 0.0260417
4 0.514844 0.480729 0.028125 0.021875
1 0.585547 0.536979 0.0476562 0.0197917
1 0.128125 0.854167 0.0984375 0.0354167
1 0.394531 0.414062 0.046875 0.0197917
4 0.485156 0.401042 0.0296875 0.025
4 0.583594 0.411979 0.040625 0.0302083
4 0.53125 0.681771 0.0421875 0.0302083
4 0.339844 0.405729 0.0359375 0.0302083
1 0.467969 0.295833 0.04375 0.0166667
1 0.343359 0.53125 0.0492188 0.0208333
1 0.550781 0.456771 0.0484375 0.0197917
4 0.460547 0.488021 0.0429688 0.0322917
1 0.751953 0.932813 0.103906 0.034375
1 0.394141 0.611979 0.0664062 0.021875
4 0.387891 0.332292 0.0414063 0.0291667
1 0.436328 0.741146 0.0460938 0.0197917
4 0.628125 0.530729 0.0390625 0.034375
1 0.653516 0.984896 0.0789063 0.028125
4 0.311328 0.484896 0.0382813 0.0302083
4 0.355859 0.369271 0.0382813 0.028125
1 0.56875 0.497396 0.0453125 0.0177083
4 0.410156 0.29375 0.0359375 0.0354167
1 0.131641 0.910937 0.0976562 0.0322917
0 0.607031 0.814062 0.04375 0.028125
1 0.383203 0.453646 0.0460938 0.0177083
1 0.134375 0.970833 0.1 0.0354167
4 0.379687 0.679688 0.040625 0.0322917
1 0.754687 0.871875 0.104687 0.0375
1 0.600781 0.616667 0.0671875 0.0229167
4 0.326562 0.446354 0.0390625 0.034375
1 0.321094 0.572917 0.05 0.0229167
1 0.438281 0.657292 0.0453125 0.01875
4 0.289844 0.522396 0.040625 0.0322917
1 0.364453 0.492188 0.0476562 0.0197917
4 0.530469 0.64375 0.04375 0.0291667
1 0.462109 0.614583 0.0664062 0.0229167
1 0.653516 0.926042 0.0804688 0.0291667
4 0.535937 0.334896 0.0359375 0.028125
1 0.532422 0.615104 0.0648438 0.0239583
7 0.754297 0.772917 0.0664062 0.0520833
4 0.487891 0.45 0.0382813 0.03125
1 0.322656 0.611979 0.0640625 0.0239583
4 0.389062 0.518229 0.0359375 0.0239583
4 0.530078 0.519271 0.0335938 0.0239583
1 0.410547 0.373958 0.0460938 0.01875
1 0.485938 0.657292 0.04375 0.0166667
1 0.491406 0.335938 0.04375 0.0177083
1 0.360156 0.876562 0.0765625 0.028125
1 0.609766 0.578646 0.0492188 0.0197917
7 0.122656 0.758854 0.0671875 0.0572917
1 0.467969 0.255729 0.04375 0.0197917
7 0.535937 0.941667 0.0640625 0.05625
7 0.346484 0.935938 0.0632813 0.053125
